0.000000000000e+00  2.000000000000e+01 0.000000000000e+00 2.500000000000e+01 0.000000000000e+00
5.000000000000e-02  2.008112244489e+01 3.241291850548e+00 2.512799616362e+01 5.120180543368e+00
1.000000000000e-01  2.032340998599e+01 6.439455578334e+00 2.551148536750e+01 1.020839752240e+01
1.500000000000e-01  2.072363872776e+01 9.551933930695e+00 2.614717433771e+01 1.519699239034e+01
2.000000000000e-01  2.127648294345e+01 1.253730362870e+01 2.702841611029e+01 2.001962403374e+01
2.500000000000e-01  2.197458555655e+01 1.535582356884e+01 2.814529794907e+01 2.461214673909e+01
3.000000000000e-01  2.280865550549e+01 1.796996076283e+01 2.948477248317e+01 2.891345910543e+01
3.500000000000e-01  2.376759070298e+01 2.034488705517e+01 3.103083032866e+01 3.286631266865e+01
4.000000000000e-01  2.483862496274e+01 2.244894004495e+01 3.276471190988e+01 3.641806953598e+01
4.500000000000e-01  2.600749694925e+01 2.425404211216e+01 3.466515567730e+01 3.952139900423e+01
5.000000000000e-01  2.725863891459e+01 2.573607200285e+01 3.670867943685e+01 4.213490394274e+01
5.500000000000e-01  2.857538272464e+01 2.687518405593e+01 3.886989106769e+01 4.422366865146e+01
6.000000000000e-01  2.994018044813e+01 2.765607084667e+01 4.112182451643e+01 4.575972094382e+01
6.500000000000e-01  3.133483658916e+01 2.806816577125e+01 4.343629662110e+01 4.672240233925e+01
7.000000000000e-01  3.274074888996e+01 2.810578289131e+01 4.578428004288e+01 4.709864146610e+01
7.500000000000e-01  3.413915451699e+01 2.776819218779e+01 4.813628737001e+01 4.688312705688e+01
8.000000000000e-01  3.551137837250e+01 2.705962922818e+01 5.046276131078e+01 4.607837824637e+01
8.500000000000e-01  3.683908024514e+01 2.598923911920e+01 5.273446581177e+01 4.469471124219e+01
9.000000000000e-01  3.810449752919e+01 2.457095548670e+01 5.492287292521e+01 4.275010280907e+01
9.500000000000e-01  3.929068029991e+01 2.282331608432e+01 5.700054030576e+01 4.026995237331e+01
1.000000000000e+00  4.038171563427e+01 2.076921747114e+01 5.894147434090e+01 3.728674589589e+01
1.050000000000e+00  4.136293820829e+01 1.843561200498e+01 6.072147410918e+01 3.383962596241e+01
1.100000000000e+00  4.222112438395e+01 1.585315116123e+01 6.231845161450e+01 2.997387377935e+01
1.150000000000e+00  4.294466721720e+01 1.305577989769e+01 6.371272405842e+01 2.574030993194e+01
1.200000000000e+00  4.352373007095e+01 1.008028743334e+01 6.488727428250e+01 2.119462183393e+01
1.250000000000e+00  4.395037680006e+01 6.965820386361e+00 6.582797593406e+01 1.639662676983e+01
1.300000000000e+00  4.421867678566e+01 3.753364714253e+00 6.652378037552e+01 1.140948028254e+01
1.350000000000e+00  4.432478342858e+01 4.852033121863e-01 6.696686286368e+01 6.298840382504e+00
1.400000000000e+00  4.426698506325e+01 -2.795643552285e+00 6.715272606448e+01 1.131998639324e+00
1.450000000000e+00  4.404572761815e+01 -6.045987562887e+00 6.708025953340e+01 -4.023010345147e+00
1.500000000000e+00  4.366360872304e+01 -9.223043902228e+00 6.675175437410e+01 -9.098309296909e+00
1.550000000000e+00  4.312534334086e+01 -1.228499745949e+01 6.617287288159e+01 -1.402707654781e+01
1.600000000000e+00  4.243770137926e+01 -1.519155620501e+01 6.535257357148e+01 -1.874443034359e+01
1.650000000000e+00  4.160941810717e+01 -1.790448440841e+01 6.430299258758e+01 -2.318828747911e+01
1.700000000000e+00  4.065107856230e+01 -2.038810864366e+01 6.303928305725e+01 -2.730018489753e+01
1.750000000000e+00  3.957497747895e+01 -2.260978988462e+01 6.157941452046e+01 -3.102605338039e+01
1.800000000000e+00  3.839495659012e+01 -2.454035544333e+01 5.994393508702e+01 -3.431693308970e+01
1.850000000000e+00  3.712622145697e+01 -2.615448503482e+01 5.815569946941e+01 -3.712962149242e+01
1.900000000000e+00  3.578514024968e+01 -2.743104585920e+01 5.623956649065e+01 -3.942724509278e+01
1.950000000000e+00  3.438902714266e+01 -2.835337226664e+01 5.422207007016e+01 -4.117974740614e+01
2.000000000000e+00  3.295591319068e+01 -2.890948630410e+01 5.213106804197e+01 -4.236428671652e+01
2.050000000000e+00  3.150430771814e+01 -2.909225622509e+01 4.999537345270e+01 -4.296553835395e+01
2.100000000000e+00  3.005295337922e+01 -2.889949086479e+01 4.784437321880e+01 -4.297589749117e+01
2.150000000000e+00  2.862057813047e+01 -2.833396863158e+01 4.570763918961e+01 -4.239557977604e+01
2.200000000000e+00  2.722564739823e+01 -2.740340073118e+01 4.361453676361e+01 -4.123261846780e+01
2.250000000000e+00  2.588611972069e+01 -2.612032911032e+01 4.159383623729e+01 -3.950275811508e+01
2.300000000000e+00  2.461920909845e+01 -2.450196047031e+01 3.967333203002e+01 -3.722924618273e+01
2.350000000000e+00  2.344115719851e+01 -2.256993854740e+01 3.787947482433e+01 -3.444252538515e+01
2.400000000000e+00  2.236701842655e+01 -2.035005767337e+01 3.623702148952e+01 -3.117983079772e+01
2.450000000000e+00  2.141046071165e+01 -1.787192140726e+01 3.476870742178e+01 -2.748469707811e+01
2.500000000000e+00  2.058358463998e+01 -1.516855075577e+01 3.349494563694e+01 -2.340638231905e+01
2.550000000000e+00  1.989676333103e+01 -1.227594716724e+01 3.243355659807e+01 -1.899921615715e+01
2.600000000000e+00  1.935850517535e+01 -9.232616082513e+00 3.159953235342e+01 -1.432188076493e+01
2.650000000000e+00  1.897534125053e+01 -6.079057347987e+00 3.100483810605e+01 -9.436634241517e+00
2.700000000000e+00  1.875173890512e+01 -2.857229234726e+00 3.065825384124e+01 -4.408486679465e+00
2.750000000000e+00  1.869004265433e+01 3.900068431528e-01 3.056525810752e+01 6.956601882186e-01
2.800000000000e+00  1.879044316952e+01 3.619453562266e+00 3.072795548937e+01 5.807898374996e+00
2.850000000000e+00  1.905097477204e+01 6.788149369148e+00 3.114504873148e+01 1.086021234447e+01
2.900000000000e+00  1.946754146438e+01 9.853937039228e+00 3.181185588336e+01 1.578537913734e+01
2.950000000000e+00  2.003397115436e+01 1.277602159130e+01 3.272037223753e+01 2.051785800941e+01
3.000000000000e+00  2.074209735455e+01 1.551551017402e+01 3.385937624150e+01 2.499465780710e+01
3.050000000000e+00  2.158186727591e+01 1.803592677965e+01 3.521457798200e+01 2.915617060174e+01
3.100000000000e+00  2.254147488491e+01 2.030369497325e+01 3.676880827627e+01 3.294696055024e+01
3.150000000000e+00  2.360751716347e+01 2.228858224891e+01 3.850224586819e+01 3.631649754239e+01
3.200000000000e+00  2.476517150362e+01 2.396410013245e+01 4.039267972230e+01 3.921982592575e+01
3.250000000000e+00  2.599839188933e+01 2.530785473562e+01 4.241580294474e+01 4.161815945815e+01
3.300000000000e+00  2.729012126921e+01 2.630184312246e+01 4.454553444114e+01 4.347939461424e+01
3.350000000000e+00  2.862251730949e+01 2.693269156597e+01 4.675436405485e+01 4.477853545309e+01
3.400000000000e+00  2.997718853979e+01 2.719183254167e+01 4.901371661780e+01 4.549802442394e+01
3.450000000000e+00  3.133543776638e+01 2.707561811603e+01 5.129433009622e+01 4.562797473248e+01
3.500000000000e+00  3.267850953171e+01 2.658536822896e+01 5.356664282680e+01 4.516630119224e+01
3.550000000000e+00  3.398783834529e+01 2.572735323154e+01 5.580118471865e+01 4.411874782974e+01
3.600000000000e+00  3.524529440083e+01 2.451271091000e+01 5.796896724391e+01 4.249881187771e+01
3.650000000000e+00  3.643342352781e+01 2.295729909408e+01 6.004186705575e+01 4.032756516261e+01
3.700000000000e+00  3.753567820201e+01 2.108148580043e+01 6.199299815714e+01 3.763337524992e+01
3.750000000000e+00  3.853663655777e+01 1.890987968811e+01 6.379706769502e+01 3.445153003776e+01
3.800000000000e+00  3.942220650353e+01 1.647100439356e+01 6.543071067127e+01 3.082377076687e+01
3.850000000000e+00  4.017981223954e+01 1.379692105471e+01 6.687279914094e+01 2.679773962712e+01
3.900000000000e+00  4.079856070916e+01 1.092280401986e+01 6.810472180592e+01 2.242634927094e+01
3.950000000000e+00  4.126938578109e+01 7.886475356343e+00 6.911063030366e+01 1.776708257748e+01
4.000000000000e+00  4.158516825433e+01 4.727904319286e+00 6.987764893188e+01 1.288123193449e+01
4.050000000000e+00  4.174083009783e+01 1.488678404531e+00 7.039604503346e+01 7.833088105187e+00
4.100000000000e+00  4.173340167756e+01 -1.788547014255e+00 7.065935778693e+01 2.689089414706e+00
4.150000000000e+00  4.156206108132e+01 -5.060613180736e+00 7.066448369787e+01 -2.483057484259e+00
4.200000000000e+00  4.122814502097e+01 -8.284429112826e+00 7.041171766007e+01 -7.615273630810e+00
4.250000000000e+00  4.073513116768e+01 -1.141754186268e+01 6.990474904290e+01 -1.264000870229e+01
4.300000000000e+00  4.008859215408e+01 -1.441869833295e+01 6.915061285673e+01 -1.749113496470e+01
4.350000000000e+00  3.929612185194e+01 -1.724839121419e+01 6.815959664265e+01 -2.210482239655e+01
4.400000000000e+00  3.836723490109e+01 -1.986938181856e+01 6.694510431877e+01 -2.642038340478e+01
4.450000000000e+00  3.731324081924e+01 -2.224719289055e+01 6.552347878484e+01 -3.038107595373e+01
4.500000000000e+00  3.614709435860e+01 -2.435056487301e+01 6.391378563300e+01 -3.393485447868e+01
4.550000000000e+00  3.488322408986e+01 -2.615186959006e+01 6.213756082690e+01 -3.703505864619e+01
4.600000000000e+00  3.353734148192e+01 -2.762747587246e+01 6.021852568846e+01 -3.964103084643e+01
4.650000000000e+00  3.212623300399e+01 -2.875806228652e+01 5.818227296414e+01 -4.171865424536e+01
4.700000000000e+00  3.066753800154e+01 -2.952887282804e+01 5.605592812532e+01 -4.324080427638e+01
4.750000000000e+00  2.917951528548e+01 -2.992991219745e+01 5.386779038505e+01 -4.418770759633e+01
4.800000000000e+00  2.768080152368e+01 -2.995607807173e+01 5.164695818215e+01 -4.454720375542e+01
4.850000000000e+00  2.619016463221e+01 -2.960722862277e+01 4.942294408875e+01 -4.431490611822e+01
4.900000000000e+00  2.472625542992e+01 -2.888818438863e+01 4.722528423782e+01 -4.349425990594e+01
4.950000000000e+00  2.330736084300e+01 -2.780866447281e+01 4.508314743935e+01 -4.209649659207e+01
5.000000000000e+00  2.195116192553e+01 -2.638315791603e+01 4.302494915818e+01 -4.014048525477e+01
5.050000000000e+00  2.067449989845e+01 -2.463073194266e+01 4.107797546221e+01 -3.765248285325e+01
5.100000000000e+00  1.949315330318e+01 -2.257477961960e+01 3.926802191746e+01 -3.466578673299e+01
5.150000000000e+00  1.842162921898e+01 -2.024271026688e+01 3.761905220897e+01 -3.122029395856e+01
5.200000000000e+00  1.747297130711e+01 -1.766558671738e+01 3.615288100535e+01 -2.736197330583e+01
5.250000000000e+00  1.665858722216e+01 -1.487771422589e+01 3.488888526385e+01 -2.314225690115e+01
5.300000000000e+00  1.598809767459e+01 -1.191618646809e+01 3.384374779669e+01 -1.861735955871e+01
5.350000000000e+00  1.546920914182e+01 -8.820394637565e+00 3.303123649209e+01 -1.384753482375e+01
5.400000000000e+00  1.510761191271e+01 -5.631506137538e+00 3.246202211199e+01 -8.896277567353e+00
5.450000000000e+00  1.490690481444e+01 -2.391919766310e+00 3.214353707762e+01 -3.829483685509e+00
5.500000000000e+00  1.486854761807e+01 8.552953935669e-01 3.207987711166e+01 1.285421976890e+00
5.550000000000e+00  1.499184175259e+01 4.066969956607e+00 3.227174703891e+01 6.380377936151e+00
5.600000000000e+00  1.527393958282e+01 7.200405543080e+00 3.271645146245e+01 1.138758680511e+01
5.650000000000e+00  1.570988212819e+01 1.021393985437e+01 3.340793043890e+01 1.624041253341e+01
5.700000000000e+00  1.629266472331e+01 1.306749803684e+01 3.433683968053e+01 2.087426227855e+01
5.750000000000e+00  1.701332975144e+01 1.572312303736e+01 3.549067422286e+01 2.522744123721e+01
5.800000000000e+00  1.786108522355e+01 1.814547793192e+01 3.685393392120e+01 2.924196912383e+01
5.850000000000e+00  1.882344763364e+01 2.030231357938e+01 3.840832858577e+01 3.286434749127e+01
5.900000000000e+00  1.988640719995e+01 2.216489541149e+01 4.013302004085e+01 3.604626773888e+01
5.950000000000e+00  2.103461330507e+01 2.370838371112e+01 4.200489790442e+01 3.874525043808e+01
6.000000000000e+00  2.225157768094e+01 2.491216234592e+01 4.399888543868e+01 4.092520751473e+01
6.050000000000e+00  2.351989264975e+01 2.576011160709e+01 4.608827142374e+01 4.255691984834e+01
6.100000000000e+00  2.482146153260e+01 2.624082154258e+01 4.824506366262e+01 4.361842396753e+01
6.150000000000e+00  2.613773817657e+01 2.634774296121e+01 5.044035943911e+01 4.409530272434e+01
6.200000000000e+00  2.744997243042e+01 2.607927410963e+01 5.264472802596e+01 4.398087610046e+01
6.250000000000e+00  2.873945832026e+01 2.543878187480e+01 5.482860018124e+01 4.327628962036e+01
6.300000000000e+00  2.998778164082e+01 2.443455723161e+01 5.696265947832e+01 4.199049920126e+01
6.350000000000e+00  3.117706368563e+01 2.307970552500e+01 5.901823029057e+01 4.014015264031e+01
6.400000000000e+00  3.229019789079e+01 2.139197303882e+01 6.096765729616e+01 3.774936930765e+01
6.450000000000e+00  3.331107626032e+01 1.939351214652e+01 6.278467148074e+01 3.484942096055e+01
6.500000000000e+00  3.422480257678e+01 1.711058815158e+01 6.444473779414e+01 3.147831790300e+01
6.550000000000e+00  3.501788957550e+01 1.457323169756e+01 6.592537986032e+01 2.768030596747e+01
6.600000000000e+00  3.567843747287e+01 1.181484134760e+01 6.720647744335e+01 2.350528097559e+01
6.650000000000e+00  3.619629148626e+01 8.871741592814e+00 6.827053273272e+01 1.900812842711e+01
6.700000000000e+00  3.656317626083e+01 5.782702139137e+00 6.910290192397e+01 1.424799715535e+01
6.750000000000e+00  3.677280542416e+01 2.588424834044e+00 6.969198902994e+01 9.287516561811e+00
6.800000000000e+00  3.682096481908e+01 -6.689949765859e-01 7.002939935771e+01 4.191967789017e+00
6.850000000000e+00  3.670556831296e+01 -3.946625533196e+00 7.011005062013e+01 -9.715801998355e-01
6.900000000000e+00  3.642668544500e+01 -7.201266816359e+00 6.993224021148e+01 -6.135158201140e+00
6.950000000000e+00  3.598654054560e+01 -1.039002225075e+01 6.949766775695e+01 -1.123079626493e+01
7.000000000000e+00  3.538948333956e+01 -1.347086639333e+01 6.881141263755e+01 -1.619142319878e+01
7.050000000000e+00  3.464193142192e+01 -1.640320109299e+01 6.788186678778e+01 -2.095175417755e+01
7.100000000000e+00  3.375228536800e+01 -1.914839276142e+01 6.672062365554e+01 -2.544915471231e+01
7.150000000000e+00  3.273081760084e+01 -2.167028364497e+01 6.534232479375e+01 -2.962446954474e+01
7.200000000000e+00  3.158953648691e+01 -2.393567033134e+01 6.376446611382e+01 -3.342280549740e+01
7.250000000000e+00  3.034202745854e+01 -2.591474315855e+01 6.200716636510e+01 -3.679425791963e+01
7.300000000000e+00  2.900327326578e+01 -2.758148071102e+01 6.009290090416e+01 -3.969457111528e+01
7.350000000000e+00  2.758945573638e+01 -2.891399418212e+01 5.804620427734e+01 -4.208572401228e+01
7.400000000000e+00  2.611774166735e+01 -2.989481704567e+01 5.589334555241e+01 -4.393643332316e+01
7.450000000000e+00  2.460605568178e+01 -3.051113620316e+01 5.366198069613e+01 -4.522256753779e+01
7.500000000000e+00  2.307284305682e+01 -3.075496154750e+01 5.138078659809e+01 -4.592746626958e+01
7.550000000000e+00  2.153682566146e+01 -3.062323169932e+01 4.907908158421e+01 -4.604216072881e+01
7.600000000000e+00  2.001675423427e+01 -3.011785451661e+01 4.678643744188e+01 -4.556549240552e+01
7.650000000000e+00  1.853116027919e+01 -2.924568184149e+01 4.453228809140e+01 -4.450412839116e+01
7.700000000000e+00  1.709811086300e+01 -2.801841881832e+01 4.234554008241e+01 -4.287247313631e+01
7.750000000000e+00  1.573496955932e+01 -2.645246898336e+01 4.025419007002e+01 -4.069247781224e+01
7.800000000000e+00  1.445816670288e+01 -2.456871717589e+01 3.828495433303e+01 -3.799334979931e+01
7.850000000000e+00  1.328298199447e+01 -2.239225314384e+01 3.646291523708e+01 -3.481116614668e+01
7.900000000000e+00  1.222334233365e+01 -1.995203950177e+01 3.481118932157e+01 -3.118839611896e+01
7.950000000000e+00  1.129163755462e+01 -1.728052843535e+01 3.335062140271e+01 -2.717333914835e+01
8.000000000000e+00  1.049855650378e+01 -1.441323222490e+01 3.209950874111e+01 -2.281948563037e+01
8.050000000000e+00  9.852945628464e+00 -1.138825327178e+01 3.107335892420e+01 -1.818480902250e+01
8.100000000000e+00  9.361691948095e+00 -8.245779847063e+00 3.028468466758e+01 -1.333099861406e+01
8.150000000000e+00  9.029631956683e+00 -5.027554235951e+00 2.974283825107e+01 -8.322643120766e+00
8.200000000000e+00  8.859487662137e+00 -1.776320316389e+00 2.945388778036e+01 -3.226375908404e+00
8.250000000000e+00  8.851830608898e+00 1.464742117354e+00 2.942053691192e+01 1.890006842351e+00
8.300000000000e+00  9.005074359999e+00 4.652588799969e+00 2.964208910345e+01 6.958443359773e+00
8.350000000000e+00  9.315495538041e+00 7.744880646757e+00 3.011445686311e+01 1.191150701969e+01
8.400000000000e+00  9.777283146639e+00 1.070054407288e+01 3.083021587491e+01 1.668329867852e+01
8.450000000000e+00  1.038261551959e+01 1.348031456497e+01 3.177870328418e+01 2.121031879157e+01
8.500000000000e+00  1.112176387947e+01 1.604725631140e+01 3.294615884225e+01 2.543230777504e+01
8.550000000000e+00  1.198322113505e+01 1.836725101457e+01 3.431590704254e+01 2.929304349034e+01
8.600000000000e+00  1.295385421322e+01 2.040944941614e+01 3.586857783760e+01 3.274108529686e+01
8.650000000000e+00  1.401907790921e+01 2.214667955977e+01 3.758236301612e+01 3.573045482638e+01
8.700000000000e+00  1.516304795462e+01 2.355580638848e+01 3.943330484714e+01 3.822124446976e+01
8.750000000000e+00  1.636887074801e+01 2.461803791762e+01 4.139561317134e+01 4.018014552319e+01
8.800000000000e+00  1.761882697255e+01 2.531917393167e+01 4.344200674321e+01 4.158088900460e+01
8.850000000000e+00  1.889460614142e+01 2.564979391348e+01 4.554407430670e+01 4.240459330631e+01
8.900000000000e+00  2.017754896688e+01 2.560538171913e+01 4.767265062585e+01 4.264001408329e+01
8.950000000000e+00  2.144889434556e+01 2.518638534812e+01 4.979820249403e+01 4.228369306983e+01
9.000000000000e+00  2.269002769143e+01 2.439821101829e+01 5.189121961343e+01 4.134000385532e+01
9.050000000000e+00  2.388272732982e+01 2.325115162352e+01 5.392260517175e+01 3.982109401323e+01
9.100000000000e+00  2.500940569195e+01 2.176025052131e+01 5.586406094731e+01 3.774672434933e+01
9.150000000000e+00  2.605334211784e+01 1.994510245261e+01 5.768846184606e+01 3.514400739627e+01
9.200000000000e+00  2.699890418670e+01 1.782959422875e+01 5.937021491393e+01 3.204704861560e+01
9.250000000000e+00  2.783175464579e+01 1.544158861706e+01 6.088559807319e+01 2.849649505532e+01
9.300000000000e+00  2.853904119924e+01 1.281255560873e+01 6.221307410024e+01 2.453899743614e+01
9.350000000000e+00  2.910956664502e+01 9.977155948674e+00 6.333357568935e+01 2.022659278515e+01
9.400000000000e+00  2.953393710876e+01 6.972782438946e+00 6.423075783014e+01 1.561601578717e+01
9.450000000000e+00  2.980468641234e+01 3.839065086156e+00 6.489121415850e+01 1.076794796733e+01
9.500000000000e+00  2.991637493164e+01 6.173466416927e-01 6.530465441809e+01 5.746214641190e+00
9.550000000000e+00  2.986566163508e+01 -2.649864524504e+00 6.546404068362e+01 6.169402599331e-01
9.600000000000e+00  2.965134834944e+01 -5.919456975966e+00 6.536568054335e+01 -4.552326671127e+00
9.650000000000e+00  2.927439566748e+01 -9.148286742716e+00 6.500927600746e+01 -9.693507520001e+00
9.700000000000e+00  2.873791028643e+01 -1.229374828484e+01 6.439792749518e+01 -1.473889447115e+01
9.750000000000e+00  2.804710394528e+01 -1.531433833048e+01 6.353809284778e+01 -1.962204656122e+01
9.800000000000e+00  2.720922450405e+01 -1.817020512646e+01 6.243950190998e+01 -2.427866894928e+01
9.850000000000e+00  2.623346007722e+01 -2.082367583269e+01 6.111502781009e+01 -2.864746378525e+01
9.900000000000e+00  2.513081749006e+01 -2.323975508088e+01 5.958051664244e+01 -3.267094141620e+01
9.950000000000e+00  2.391397666629e+01 -2.538658809967e+01 5.785457780603e+01 -3.629618119498e+01
1.000000000000e+01  2.259712287415e+01 -2.723588227705e+01 5.595833777409e+01 -3.947553182269e+01
1.005000000000e+01  2.119575905088e+01 -2.876328158124e+01 5.391516055313e+01 -4.216724195656e+01
1.010000000000e+01  1.972650068940e+01 -2.994868888495e+01 5.175033853096e+01 -4.433601273794e+01
1.015000000000e+01  1.820685600159e+01 -3.077653192731e+01 4.949075780499e+01 -4.595346492812e+01
1.020000000000e+01  1.665499426744e+01 -3.123596939374e+01 4.716454241980e+01 -4.699851446999e+01
1.025000000000e+01  1.508950543590e+01 -3.132103438656e+01 4.480068222218e+01 -4.745765150527e+01
1.030000000000e+01  1.352915415863e+01 -3.103071338769e+01 4.242864925865e+01 -4.732511915494e+01
1.035000000000e+01  1.199263151204e+01 -3.036895966824e+01 4.007800779194e+01 -4.660298969678e+01
1.040000000000e+01  1.049830769307e+01 -2.934464096781e+01 3.777802309758e+01 -4.530113713191e+01
1.045000000000e+01  9.063988961696e+00 -2.797142213572e+01 3.555727421766e+01 -4.343710650343e+01
1.050000000000e+01  7.706682046734e+00 -2.626758428732e+01 3.344327579673e+01 -4.103588169660e+01
1.055000000000e+01  6.442369132769e+00 -2.425578286882e+01 3.146211400428e+01 -3.812955479339e+01
1.060000000000e+01  5.285796406066e+00 -2.196274783214e+01 2.963810136222e+01 -3.475690135732e+01
1.065000000000e+01  4.250278957814e+00 -1.941892988794e+01 2.799345504505e+01 -3.096286726917e+01
1.070000000000e+01  3.347524626632e+00 -1.665809751814e+01 2.654800291048e+01 -2.679797390477e+01
1.075000000000e+01  2.587479111583e+00 -1.371689008115e+01 2.531892115056e+01 -2.231764952683e+01
1.080000000000e+01  1.978194405485e+00 -1.063433292391e+01 2.432050703536e+01 -1.758149573905e+01
1.085000000000e+01  1.525722289652e+00 -7.451320917951e+00 2.356398975684e+01 -1.265249871037e+01
1.090000000000e+01  1.234034299568e+00 -4.210077254097e+00 2.305738187590e+01 -7.596195607942e+00
1.095000000000e+01  1.104969220655e+00 -9.535946583256e-01 2.280537333885e+01 -2.479807270245e+00
1.100000000000e+01  1.138208808976e+00 2.274933576379e+00 2.280926946574e+01 2.628651401398e+00
1.105000000000e+01  1.331282058189e+00 5.432685212416e+00 2.306697373117e+01 7.661271559894e+00
1.110000000000e+01  1.679597956267e+00 8.477775779366e+00 2.357301556558e+01 1.255114912587e+01
1.115000000000e+01  2.176506298496e+00 1.136981287534e+01 2.431862280898e+01 1.723327020398e+01
1.120000000000e+01  2.813385751933e+00 1.407043072226e+01 2.529183785836e+01 2.164537148457e+01
1.125000000000e+01  3.579758005892e+00 1.654379790075e+01 2.647767597161e+01 2.572876424389e+01
1.130000000000e+01  4.463426497780e+00 1.875709154530e+01 2.785832363298e+01 2.942911103838e+01
1.135000000000e+01  5.450637878386e+00 2.068093172423e+01 2.941337435492e+01 3.269714481394e+01
1.140000000000e+01  6.526264079790e+00 2.228977025580e+01 3.112009879568e+01 3.548932091374e+01
1.145000000000e+01  7.674002576407e+00 2.356222881496e+01 3.295374561794e+01 3.776839335579e+01
1.150000000000e+01  8.876592188908e+00 2.448138185620e+01 3.488786910695e+01 3.950390775380e+01
1.155000000000e+01  1.011604157507e+01 2.503498060829e+01 3.689467921235e+01 4.067260435812e+01
1.160000000000e+01  1.137386738368e+01 2.521561517659e+01 3.894540938140e+01 4.125872588282e+01
1.165000000000e+01  1.263133891988e+01 2.502081260766e+01 4.101069731558e+01 4.125422604518e+01
1.170000000000e+01  1.386972608379e+01 2.445306961844e+01 4.306097361165e+01 4.065887605782e+01
1.175000000000e+01  1.507054730157e+01 2.351981955672e+01 4.506685314392e+01 3.948026766403e+01
1.180000000000e+01  1.621581416743e+01 2.223333403032e+01 4.699952400823e+01 3.773371267631e+01
1.185000000000e+01  1.728826955921e+01 2.061056050669e+01 4.883112888022e+01 3.544204034749e+01
1.190000000000e+01  1.827161607631e+01 1.867289803228e+01 5.053513374111e+01 3.263529525604e+01
1.195000000000e+01  1.915073177665e+01 1.644591403956e+01 5.208667909125e+01 2.935033970386e+01
1.200000000000e+01  1.991187035788e+01 1.395900598980e+01 5.346290900344e+01 2.563036588829e+01
1.205000000000e+01  2.054284313330e+01 1.124501232915e+01 5.464327366138e+01 2.152432430430e+01
1.210000000000e+01  2.103318039454e+01 8.339777906742e+00 5.560980137943e+01 1.708627594145e+01
1.215000000000e+01  2.137427002533e+01 5.281679606099e+00 5.634733650379e+01 1.237467684855e+01
1.220000000000e+01  2.155947153199e+01 2.111118467559e+00 5.684374004666e+01 7.451604534077e+00
1.225000000000e+01  2.158420398158e+01 -1.130014976967e+00 5.709005039832e+01 2.381936440326e+00
1.230000000000e+01  2.144600668398e+01 -4.398895081185e+00 5.708060199009e+01 -2.767508636869e+00
1.235000000000e+01  2.114457181471e+01 -7.652327836912e+00 5.681310033790e+01 -7.928854820216e+00
1.240000000000e+01  2.068174854685e+01 -1.084732250149e+01 5.628865247337e+01 -1.303406741248e+01
1.245000000000e+01  2.006151863741e+01 -1.394166053519e+01 5.551175235958e+01 -1.801585325983e+01
1.250000000000e+01  1.928994379110e+01 -1.689445431932e+01 5.449022148456e+01 -2.280855130160e+01
1.255000000000e+01  1.837508549826e+01 -1.966668826089e+01 5.323510541873e+01 -2.734900152097e+01
1.260000000000e+01  1.732689840767e+01 -2.222173512303e+01 5.176052770526e+01 -3.157738079685e+01
1.265000000000e+01  1.615709864544e+01 -2.452584074779e+01 5.008350301686e+01 -3.543799459528e+01
1.270000000000e+01  1.487900882257e+01 -2.654857075677e+01 4.822371205180e+01 -3.888001402322e+01
1.275000000000e+01  1.350738178239e+01 -2.826321331778e+01 4.620324114808e+01 -4.185814849047e+01
1.280000000000e+01  1.205820542047e+01 -2.964713264734e+01 4.404629006182e+01 -4.433324507766e+01
1.285000000000e+01  1.054849115982e+01 -3.068206857087e+01 4.177885177700e+01 -4.627280667852e+01
1.290000000000e+01  8.996048880915e+00 -3.135437817604e+01 3.942836858396e+01 -4.765142205907e+01
1.295000000000e+01  7.419251284979e+00 -3.165521636141e+01 3.702336897828e+01 -4.845110214246e+01
1.300000000000e+01  5.836790808985e+00 -3.158065289085e+01 3.459309018505e+01 -4.866151806912e+01
1.305000000000e+01  4.267432309361e+00 -3.113172440471e+01 3.216709130427e+01 -4.828013788164e+01
1.310000000000e+01  2.729764787369e+00 -3.031442069939e+01 2.977486219686e+01 -4.731226002549e+01
1.315000000000e+01  1.241955441822e+00 -2.913960545698e+01 2.744543328739e+01 -4.577094322240e+01
1.320000000000e+01  -1.784906959820e-01 -2.762287247384e+01 2.520699144728e+01 -4.367683364420e+01
1.325000000000e+01  -1.514962364151e+00 -2.578433929105e+01 2.308650704199e+01 -4.105789167456e+01
1.330000000000e+01  -2.751961843869e+00 -2.364838095764e+01 2.110937707773e+01 -3.794902187445e+01
1.335000000000e+01  -3.875309996384e+00 -2.124330744996e+01 1.929908917041e+01 -3.439161104856e+01
1.340000000000e+01  -4.872333849846e+00 -1.860098901643e+01 1.767691078374e+01 -3.043298052568e+01
1.345000000000e+01  -5.732034253486e+00 -1.575643440562e+01 1.626160784914e+01 -2.612575990182e+01
1.350000000000e+01  -6.445231380387e+00 -1.274732755948e+01 1.506919649134e+01 -2.152719053374e+01
1.355000000000e+01  -7.004686153288e+00 -9.613528903206e+00 1.411273114512e+01 -1.669836800053e+01
1.360000000000e+01  -7.405195986458e+00 -6.396547831536e+00 1.340213186744e+01 -1.170343355851e+01
1.365000000000e+01  -7.643663576596e+00 -3.138993372628e+00 1.294405313023e+01 -6.608725289808e+00
1.370000000000e+01  -7.719137832403e+00 1.159897005094e-01 1.274179583020e+01 -1.481900178065e+00
1.375000000000e+01  -7.632826401130e+00 3.325291848600e+00 1.279526368019e+01 3.608961269969e+00
1.380000000000e+01  -7.388079626363e+00 6.446409278351e+00 1.310096455916e+01 8.596256007755e+00
1.385000000000e+01  -6.990346149329e+00 9.438006438208e+00 1.365205680290e+01 1.341375311349e+01
1.390000000000e+01  -6.447100741310e+00 1.226046305356e+01 1.443843982291e+01 1.799747029586e+01
1.395000000000e+01  -5.767745322216e+00 1.487639846192e+01 1.544688785414e+01 2.228652064138e+01
1.400000000000e+01  -4.963484475267e+00 1.725116630907e+01 1.666122506169e+01 2.622391839747e+01
1.405000000000e+01  -4.047177105187e+00 1.935331305932e+01 1.806253968884e+01 2.975733312745e+01
1.410000000000e+01  -3.033166203109e+00 2.115499425196e+01 1.962943441277e+01 3.283978225717e+01
1.415000000000e+01  -1.937088971044e+00 2.263234299526e+01 2.133830959435e+01 3.543025284790e+01
1.420000000000e+01  -7.756698187531e-01 2.376578582122e+01 2.316367567374e+01 3.749424436708e+01
1.425000000000e+01  4.335010275021e-01 2.454030172122e+01 2.507849057752e+01 3.900422527387e+01
1.430000000000e+01  1.672200374447e+00 2.494562093432e+01 2.705451767197e+01 3.993999737708e+01
1.435000000000e+01  2.921813287979e+00 2.497636085764e+01 2.906269952548e+01 4.028896314350e+01
1.440000000000e+01  4.163579503669e+00 2.463209728003e+01 3.107354253369e+01 4.004629241913e+01
1.445000000000e+01  5.378841760577e+00 2.391736999635e+01 3.305750731718e+01 3.921498635696e+01
1.450000000000e+01  6.549292771939e+00 2.284162272822e+01 3.498539972525e+01 3.780583770521e+01
1.455000000000e+01  7.657217564306e+00 2.141907814603e+01 3.682875727120e+01 3.583728798160e+01
1.460000000000e+01  8.685727978031e+00 1.966854964651e+01 3.856022588504e+01 3.333518342386e+01
1.465000000000e+01  9.618986225712e+00 1.761319237653e+01 4.015392199771e+01 3.033243294613e+01
1.470000000000e+01  1.044241455003e+01 1.528019679822e+01 4.158577516499e+01 2.686857262796e+01
1.475000000000e+01  1.114288820636e+01 1.270042885073e+01 4.283384669670e+01 2.298924249944e+01
1.480000000000e+01  1.170890921624e+01 9.908021470733e+00 4.387862007466e+01 1.874558254659e+01
1.485000000000e+01  1.213075859222e+01 6.939922877477e+00 4.470325931585e+01 1.419355593040e+01
1.490000000000e+01  1.240062501957e+01 3.835407600390e+00 4.529383186163e+01 9.393208375978e+00
1.495000000000e+01  1.251270829184e+01 6.355567203044e-01 4.563949304336e+01 4.407873533046e+00
1.500000000000e+01  1.246329613149e+01 -2.617285797238e+00 4.573262968317e+01 -6.966651759686e-01
1.505000000000e+01  1.225081337881e+01 -5.880073481690e+00 4.556896092938e+01 -5.853045128116e+00
1.510000000000e+01  1.187584289831e+01 -9.109627034177e+00 4.514759499236e+01 -1.099321597126e+01
1.515000000000e+01  1.134111792577e+01 -1.226320576203e+01 4.447104102963e+01 -1.604934019683e+01
1.520000000000e+01  1.065148595732e+01 -1.529907320883e+01 4.354517602325e+01 -2.095469089584e+01
1.525000000000e+01  9.813844658422e+00 -1.817704949439e+01 4.237916708761e+01 -2.564453481722e+01
1.530000000000e+01  8.837050640929e+00 -2.085904305508e+01 4.098535023597e+01 -3.005698904213e+01
1.535000000000e+01  7.731802315414e+00 -2.330955474735e+01 3.937906720999e+01 -3.413383993703e+01
1.540000000000e+01  6.510498369189e+00 -2.549614764320e+01 3.757846253174e+01 -3.782131354746e+01
1.545000000000e+01  5.187073742854e+00 -2.738987630042e+01 3.560424346405e+01 -4.107078723713e+01
1.550000000000e+01  3.776815276073e+00 -2.896566982640e+01 3.347940605571e+01 -4.383943315458e+01
1.555000000000e+01  2.296159462327e+00 -3.020266366633e+01 3.122893089725e+01 -4.609078501169e+01
1.560000000000e+01  7.624749891423e-01 -3.108447572470e+01 2.887945261345e+01 -4.779522067331e+01
1.565000000000e+01  -8.061670583301e-01 -3.159942316604e+01 2.645890746675e+01 -4.893035417154e+01
1.570000000000e+01  -2.391232289278e+00 -3.174067702566e+01 2.399616373487e+01 -4.948133195651e+01
1.575000000000e+01  -3.973968230580e+00 -3.150635258436e+01 2.152063975458e+01 -4.944102946338e+01
1.580000000000e+01  -5.535652436275e+00 -3.089953431106e+01 1.906191468606e+01 -4.881014539393e+01
1.585000000000e+01  -7.057840199662e+00 -2.992823504322e+01 1.664933714930e+01 -4.759719246524e+01
1.590000000000e+01  -8.522608589818e+00 -2.860528994539e+01 1.431163691160e+01 -4.581838474769e+01
1.595000000000e+01  -9.912793582952e+00 -2.694818664903e+01 1.207654476528e+01 -4.349742308340e+01
1.600000000000e+01  -1.121221715042e+01 -2.497883382177e+01 9.970425625979e+00 -4.066518142491e+01
1.605000000000e+01  -1.240590129808e+01 -2.272327122864e+01 8.017929707243e+00 -3.735929824488e+01
1.610000000000e+01  -1.348026622446e+01 -2.021132512254e+01 6.241666387656e+00 -3.362367842435e+01
1.615000000000e+01  -1.442330997524e+01 -1.747621352431e+01 4.661905086605e+00 -2.950791221143e+01
1.620000000000e+01  -1.522476721659e+01 -1.455410661627e+01 3.296307107272e+00 -2.506661893993e+01
1.625000000000e+01  -1.587624502604e+01 -1.148364806684e+01 2.159691995623e+00 -2.035872419319e+01
1.630000000000e+01  -1.637133390400e+01 -8.305443621258e+00 1.263841507413e+00 -1.544667997911e+01
1.635000000000e+01  -1.670569253663e+01 -5.061523726068e+00 6.173437774912e-01 -1.039563823653e+01
1.640000000000e+01  -1.687710518844e+01 -1.794787299294e+00 2.254797536697e-01 -5.272588610924e+00
1.645000000000e+01  -1.688551096498e+01 1.451565992742e+00 9.015339808380e-02 -1.454719098321e-01
1.650000000000e+01  -1.673300455852e+01 4.634607438632e+00 2.098665797546e-01 4.917719029186e+00
1.655000000000e+01  -1.642380846666e+01 7.712247399229e+00 5.797389906226e-01 9.849839159145e+00
1.660000000000e+01  -1.596421705168e+01 1.064379232067e+01 1.191572821479e+00 1.458547982448e+01
1.665000000000e+01  -1.536251318085e+01 1.339048327155e+01 2.033961341869e+00 1.906183438241e+01
1.670000000000e+01  -1.462885855102e+01 1.591600887731e+01 3.092439947022e+00 2.321952938924e+01
1.675000000000e+01  -1.377515914873e+01 1.818698586356e+01 4.349677672846e+00 2.700341035160e+01
1.680000000000e+01  -1.281490762656e+01 2.017340084895e+01 5.785706644471e+00 3.036327164412e+01
1.685000000000e+01  -1.176300468154e+01 2.184900754081e+01 7.378186421833e+00 3.325452093366e+01
1.690000000000e+01  -1.063556179962e+01 2.319167407718e+01 9.102699743925e+00 3.563876931730e+01
1.695000000000e+01  -9.449687976632e+00 2.418367591838e+01 1.093307575785e+01 3.748433936402e+01
1.700000000000e+01  -8.223263238218e+00 2.481193041211e+01 1.284173645508e+01 3.876668433676e+01
1.705000000000e+01  -6.974701956104e+00 2.506816992779e+01 1.480006173008e+01 3.946871304695e+01
1.710000000000e+01  -5.722709092862e+00 2.494905126888e+01 1.677876823033e+01 3.958101604215e+01
1.715000000000e+01  -4.486032601084e+00 2.445619991529e+01 1.874829698376e+01 3.910199013370e+01
1.720000000000e+01  -3.283215253694e+00 2.359618851025e+01 2.067920467396e+01 3.803785961628e+01
1.725000000000e+01  -2.132349189688e+00 2.238044987653e+01 2.254255338495e+01 3.640259389847e+01
1.730000000000e+01  -1.050836423634e+00 2.082512571290e+01 2.431029365758e+01 3.421772263457e+01
1.735000000000e+01  -5.515848835125e-02 1.895085297347e+01 2.595563578831e+01 3.151205080407e+01
1.740000000000e+01  8.393417406772e-01 1.678249075678e+01 2.745340445643e+01 2.832127750954e+01
1.745000000000e+01  1.618663151831e+00 1.434879131896e+01 2.878037198682e+01 2.468752353763e+01
1.750000000000e+01  2.270331746900e+00 1.168201956501e+01 2.991556583758e+01 2.065877393557e+01
1.755000000000e+01  2.783565780745e+00 8.817526053502e+00 3.084054624348e+01 1.628824298005e+01
1.760000000000e+01  3.149418505605e+00 5.793279165891e+00 3.153965034072e+01 1.163366994243e+01
1.765000000000e+01  3.360896630972e+00 2.649362631491e+00 3.200019954239e+01 6.756554970221e+00
1.770000000000e+01  3.413052931355e+00 -5.725549420495e-01 3.221266742009e+01 1.721345197158e+00
1.775000000000e+01  3.303051776328e+00 -3.829771512555e+00 3.217080587010e+01 -3.405418147236e+00
1.780000000000e+01  3.030206715671e+00 -7.079116723612e+00 3.187172789431e+01 -8.555980341282e+00
1.785000000000e+01  2.595989622178e+00 -1.027752322254e+01 3.131594590042e+01 -1.366226983417e+01
1.790000000000e+01  2.004011271149e+00 -1.338259661521e+01 3.050736501461e+01 -1.865679910194e+01
1.795000000000e+01  1.259973613572e+00 -1.635317651498e+01 2.945323149501e+01 -2.347355777445e+01
1.800000000000e+01  3.715943746023e-01 -1.914988126077e+01 2.816403692892e+01 -2.804888621372e+01
1.805000000000e+01  -6.514950247799e-01 -2.173562909551e+01 2.665337948135e+01 -3.232231798276e+01
1.810000000000e+01  -1.797876872047e+00 -2.407612890771e+01 2.493778403133e+01 -3.623738005560e+01
1.815000000000e+01  -3.054498207263e+00 -2.614033404163e+01 2.303648357621e+01 -3.974234017858e+01
1.820000000000e+01  -4.406843508167e+00 -2.790085317040e+01 2.097116479685e+01 -4.279089149229e+01
1.825000000000e+01  -5.839126730893e+00 -2.933431279453e+01 1.876568115091e+01 -4.534276535394e+01
1.830000000000e+01  -7.334500164856e+00 -3.042166656855e+01 1.644573729110e+01 -4.736426425007e+01
1.835000000000e+01  -8.875277337827e+00 -3.114844736215e+01 1.403854898490e+01 -4.882870774695e+01
1.840000000000e+01  -1.044316702127e+01 -3.150495872003e+01 1.157248303629e+01 -4.971678557706e+01
1.845000000000e+01  -1.201951523911e+01 -3.148640318672e+01 9.076681974740e+00 -5.001681318890e+01
1.850000000000e+01  -1.358555207721e+01 -3.109294579806e+01 6.580678478399e+00 -4.972488637819e+01
1.855000000000e+01  -1.512264002730e+01 -3.032971189915e+01 4.114004634174e+00 -4.884493295395e+01
1.860000000000e+01  -1.661252057866e+01 -2.920671931766e+01 1.705801205697e+00 -4.738866075595e+01
1.865000000000e+01  -1.803755579435e+01 -2.773874579005e+01 -6.155679198105e-01 -4.537540271128e+01
1.870000000000e+01  -1.938096167487e+01 -2.594513339523e+01 -2.822891003415e+00 -4.283186098060e+01
1.875000000000e+01  -2.062703022083e+01 -2.384953258383e+01 -4.890468478722e+00 -3.979175358011e+01
1.880000000000e+01  -2.176133725608e+01 -2.147958919047e+01 -6.794452963965e+00 -3.629536815579e+01
1.885000000000e+01  -2.277093326076e+01 -1.886657857127e+01 -8.513164762200e+00 -3.238902881524e+01
1.890000000000e+01  -2.364451468889e+01 -1.604499170826e+01 -1.002737867430e+01 -2.812448307315e+01
1.895000000000e+01  -2.437257350327e+01 -1.305207875833e+01 -1.132057832905e+01 -2.355821702345e+01
1.900000000000e+01  -2.494752294880e+01 -9.927356087262e+00 -1.237917466457e+01 -1.875070780127e+01
1.905000000000e+01  -2.536379789956e+01 -6.712083312887e+00 -1.319268566966e+01 -1.376562322752e+01
1.910000000000e+01  -2.561792845192e+01 -3.448717278038e+00 -1.375387500639e+01 -8.668979228058e+00
1.915000000000e+01  -2.570858578957e+01 -1.803501795226e-01 -1.405884767945e+01 -3.528266178120e+00
1.920000000000e+01  -2.563659971347e+01 3.049860711144e+00 -1.410710148604e+01 1.588444266015e+00
1.925000000000e+01  -2.540494760495e+01 6.199264188144e+00 -1.390153356560e+01 6.613400027948e+00
1.930000000000e+01  -2.501871496773e+01 9.226279554453e+00 -1.344840196258e+01 1.148006524269e+01
1.935000000000e+01  -2.448502807132e+01 1.209094689778e+01 -1.275724271097e+01 1.612400079276e+01
1.940000000000e+01  -2.381295958696e+01 1.475545591699e+01 -1.184074353791e+01 2.048371709589e+01
1.945000000000e+01  -2.301340846517e+01 1.718464630058e+01 -1.071457585771e+01 2.450148785850e+01
1.950000000000e+01  -2.209895564431e+01 1.934647303511e+01 -9.397187279837e+00 2.812411402572e+01
1.955000000000e+01  -2.108369750004e+01 2.121243048580e+01 -7.909557376662e+00 3.130362781802e+01
1.960000000000e+01  -1.998305923952e+01 2.275792963695e+01 -6.274919943189e+00 3.399792753691e+01
1.965000000000e+01  -1.881359071002e+01 2.396262349983e+01 -4.518455424428e+00 3.617133473908e+01
1.970000000000e+01  -1.759274732429e+01 2.481067638153e+01 -2.666957580772e+00 3.779506640498e+01
1.975000000000e+01  -1.633865900173e+01 2.529097345137e+01 -7.484788027567e-01 3.884761585354e+01
1.980000000000e+01  -1.506989018336e+01 2.539726783137e+01 1.208041230895e+00 3.931503736160e+01
1.985000000000e+01  -1.380519409646e+01 2.512826326425e+01 3.173158637613e+00 3.919113072177e+01
1.990000000000e+01  -1.256326452100e+01 2.448763126494e+01 5.117315087948e+00 3.847752329605e+01
1.995000000000e+01  -1.136248834294e+01 2.348396252855e+01 7.011229077146e+00 3.718364847944e+01
2.000000000000e+01  -1.022070216908e+01 2.213065323798e+01 8.826283533222e+00 3.532662085849e+01
2.005000000000e+01  -9.154956224588e+00 2.044572777562e+01 1.053490463194e+01 3.293100971692e+01
2.010000000000e+01  -8.181288657491e+00 1.845160018558e+01 1.211092680544e+01 3.002851388591e+01
2.015000000000e+01  -7.314513237292e+00 1.617477754305e+01 1.352993911404e+01 2.665754224179e+01
2.020000000000e+01  -6.568023257098e+00 1.364550915655e+01 1.476960839729e+01 2.286270540318e+01
2.025000000000e+01  -5.953614234509e+00 1.089738624544e+01 1.580997492764e+01 1.869422535415e+01
2.030000000000e+01  -5.481327757625e+00 7.966897390645e+00 1.663371665418e+01 1.420727080661e+01
2.035000000000e+01  -5.159318542704e+00 4.892945641606e+00 1.722637853936e+01 9.461227097747e+00
2.040000000000e+01  -4.993746462848e+00 1.716333670266e+00 1.757656395363e+01 4.518910284579e+00
2.045000000000e+01  -4.988694976588e+00 -1.520776214622e+00 1.767608559512e+01 -5.542641635877e-01
2.050000000000e+01  -5.146117035904e+00 -4.775420046587e+00 1.752007393713e+01 -5.691147073366e+00
2.055000000000e+01  -5.465809189515e+00 -8.004400789689e+00 1.710704176812e+01 -1.082374421933e+01
2.060000000000e+01  -5.945414224175e+00 -1.116486001121e+01 1.643890397021e+01 -1.588411615950e+01
2.065000000000e+01  -6.580452309006e+00 -1.421484507328e+01 1.552095227435e+01 -2.080527734585e+01
2.070000000000e+01  -7.364380230707e+00 -1.711386433724e+01 1.436178532625e+01 -2.552208261101e+01
2.075000000000e+01  -8.288677935730e+00 -1.982342303317e+01 1.297319498866e+01 -2.997208929941e+01
2.080000000000e+01  -9.342961234114e+00 -2.230753270282e+01 1.137001038453e+01 -3.409638363340e+01
2.085000000000e+01  -1.051511917346e+01 -2.453318747415e+01 9.569901745189e+00 -3.784036037833e+01
2.090000000000e+01  -1.179147426507e+01 -2.647080086422e+01 7.593146659142e+00 -4.115444548831e+01
2.095000000000e+01  -1.315696344170e+01 -2.809459733007e+01 5.462361815220e+00 -4.399475216938e+01
2.100000000000e+01  -1.459533735237e+01 -2.938295338553e+01 3.202203789990e+00 -4.632366167763e+01
2.105000000000e+01  -1.608937535650e+01 -3.031868376984e+01 8.390428392974e-01 -4.811032116600e+01
2.110000000000e+01  -1.762111337229e+01 -3.088926888079e+01 -1.599385989037e+00 -4.933105199130e+01
2.115000000000e+01  -1.917208156401e+01 -3.108702046265e+01 -4.084349804216e+00 -4.996966307793e+01
2.120000000000e+01  -2.072354872260e+01 -3.090918335603e+01 -6.586498026936e+00 -5.001766519117e+01
2.125000000000e+01  -2.225677010541e+01 -3.035797196328e+01 -9.076250718385e+00 -4.947438328446e+01
2.130000000000e+01  -2.375323545531e+01 -2.944054094672e+01 -1.152418994463e+01 -4.834696543380e+01
2.135000000000e+01  -2.519491391674e+01 -2.816889054757e+01 -1.390144899705e+01 -4.665028824102e+01
2.140000000000e+01  -2.656449260756e+01 -2.655970777850e+01 -1.618009431795e+01 -4.440675995790e+01
2.145000000000e+01  -2.784560568944e+01 -2.463414559156e+01 -1.833349507686e+01 -4.164602393650e+01
2.150000000000e+01  -2.902305090528e+01 -2.241754294389e+01 -2.033667550663e+01 -3.840456633033e+01
2.155000000000e+01  -3.008299071794e+01 -1.993908946597e+01 -2.216664533649e+01 -3.472523323796e+01
2.160000000000e+01  -3.101313538853e+01 -1.723143917004e+01 -2.380270394909e+01 -3.065666367923e+01
2.165000000000e+01  -3.180290557129e+01 -1.433027831098e+01 -2.522671423638e+01 -2.625264590809e+01
2.170000000000e+01  -3.244357227335e+01 -1.127385311860e+01 -2.642334253006e+01 -2.157140558052e+01
2.175000000000e+01  -3.292837232717e+01 -8.102463651238e+00 -2.738026143145e+01 -1.667483519805e+01
2.180000000000e+01  -3.325259784739e+01 -4.857930469024e+00 -2.808831285637e+01 -1.162767502431e+01
2.185000000000e+01  -3.341365848830e+01 -1.583041184931e+00 -2.854162913757e+01 -6.496656314358e+00
2.190000000000e+01  -3.341111567810e+01 1.679015782137e+00 -2.873771058173e+01 -1.349618195406e+00
2.195000000000e+01  -3.324668837667e+01 4.885222758462e+00 -2.867745845491e+01 3.745390114014e+00
2.200000000000e+01  -3.292423028087e+01 7.993302106955e+00 -2.836516295975e+01 8.721009865124e+00
2.205000000000e+01  -3.244967877895e+01 1.096227572491e+01 -2.780844636364e+01 1.351146420223e+01
2.210000000000e+01  -3.183097632957e+01 1.375300734367e+01 -2.701816203045e+01 1.805342865119e+01
2.215000000000e+01  -3.107796530601e+01 1.632872045348e+01 -2.600825069203e+01 2.228686915303e+01
2.220000000000e+01  -3.020225769709e+01 1.865548499921e+01 -2.479555586166e+01 2.615583655214e+01
2.225000000000e+01  -2.921708138920e+01 2.070266640611e+01 -2.339960083215e+01 2.960920702478e+01
2.230000000000e+01  -2.813710506390e+01 2.244333099314e+01 -2.184233020996e+01 3.260135864914e+01
2.235000000000e+01  -2.697824402809e+01 2.385460240869e+01 -2.014781940566e+01 3.509277516321e+01
2.240000000000e+01  -2.575744954672e+01 2.491796437158e+01 -1.834195592561e+01 3.705056892024e+01
2.245000000000e+01  -2.449248446579e+01 2.561950571084e+01 -1.645209668239e+01 3.844891612116e+01
2.250000000000e+01  -2.320168809513e+01 2.595010446158e+01 -1.450670585929e+01 3.926939856400e+01
2.255000000000e+01  -2.190373346250e+01 2.590554858036e+01 -1.253497812130e+01 3.950124738763e+01
2.260000000000e+01  -2.061738015148e+01 2.548659168276e+01 -1.056645215906e+01 3.914148558407e+01
2.265000000000e+01  -1.936122599417e+01 2.469894306545e+01 -8.630619680112e+00 3.819496739351e+01
2.270000000000e+01  -1.815346090464e+01 2.355319214469e+01 -6.756535022029e+00 3.667431406050e+01
2.275000000000e+01  -1.701162611106e+01 2.206466831139e+01 -4.972430553894e+00 3.459974680165e+01
2.280000000000e+01  -1.595238197280e+01 2.025323805744e+01 -3.305342955799e+00 3.199881919532e+01
2.285000000000e+01  -1.499128745512e+01 1.814304205788e+01 -1.780755322253e+00 2.890605253479e+01
2.290000000000e+01  -1.414259417994e+01 1.576217568874e+01 -4.222598258685e-01 2.536247897080e+01
2.295000000000e+01  -1.341905777823e+01 1.314231720823e+01 7.487545943470e-01 2.141509848926e+01
2.300000000000e+01  -1.283176904062e+01 1.031830852217e+01 1.713385386979e+00 1.711625691080e+01
2.305000000000e+01  -1.239000710066e+01 7.327694081701e+00 2.455466637198e+00 1.252295314343e+01
2.310000000000e+01  -1.210111659380e+01 4.210224015483e+00 2.961783098972e+00 7.696084856320e+00
2.315000000000e+01  -1.197041041774e+01 1.007328072027e+00 3.222245177992e+00 2.699642557298e+00
2.320000000000e+01  -1.200109938108e+01 -2.238432666102e+00 3.230022549585e+00 -2.400137260187e+00
2.325000000000e+01  -1.219424967113e+01 -5.483929040132e+00 2.981634643323e+00 -7.535648693558e+00
2.330000000000e+01  -1.254876870395e+01 -8.686034590857e+00 2.476996796838e+00 -1.263881113034e+01
2.335000000000e+01  -1.306141954378e+01 -1.180219629869e+01 1.719421468070e+00 -1.764197022974e+01
2.340000000000e+01  -1.372686370102e+01 -1.479099773482e+01 7.155744898660e-01 -2.247879326294e+01
2.345000000000e+01  -1.453773174239e+01 -1.761270717073e+01 -5.246130541040e-01 -2.708514696325e+01
2.350000000000e+01  -1.548472077889e+01 -2.022980339243e+01 -1.988076165915e+00 -3.139994626857e+01
2.355000000000e+01  -1.655671754126e+01 -2.260747226073e+01 -3.658788744311e+00 -3.536596272400e+01
2.360000000000e+01  -1.774094541431e+01 -2.471406744614e+01 -5.517975583021e+00 -3.893058184613e+01
2.365000000000e+01  -1.902313348412e+01 -2.652152924098e+01 -7.544360750873e+00 -4.204649942609e+01
2.370000000000e+01  -2.038770536110e+01 -2.800575590617e+01 -9.714449066657e+00 -4.467234755652e+01
2.375000000000e+01  -2.181798527992e+01 -2.914692263832e+01 -1.200283694369e+01 -4.677324209756e+01
2.380000000000e+01  -2.329641874874e+01 -2.992974393590e+01 -1.438254849041e+01 -4.832124433675e+01
2.385000000000e+01  -2.480480482791e+01 -3.034367589225e+01 -1.682539241892e+01 -4.929573073323e+01
2.390000000000e+01  -2.632453696379e+01 -3.038305573850e+01 -1.930233503840e+01 -4.968366585306e+01
2.395000000000e+01  -2.783684919091e+01 -3.004717678947e+01 -2.178388439692e+01 -4.947977488359e+01
2.400000000000e+01  -2.932306444386e+01 -2.934029780082e+01 -2.424048048813e+01 -4.868661344389e+01
2.405000000000e+01  -3.076484169301e+01 -2.827158661365e+01 -2.664288635870e+01 -4.731453376735e+01
2.410000000000e+01  -3.214441863341e+01 -2.685499883228e+01 -2.896257494074e+01 -4.538154770398e+01
2.415000000000e+01  -3.344484671499e+01 -2.510909314085e+01 -3.117210648974e+01 -4.291308835544e+01
2.420000000000e+01  -3.465021540391e+01 -2.305678570279e+01 -3.324549163307e+01 -3.994167349737e+01
2.425000000000e+01  -3.574586270693e+01 -2.072504689354e+01 -3.515853522443e+01 -3.650647524321e+01
2.430000000000e+01  -3.671856917301e+01 -1.814454437977e+01 -3.688915645381e+01 -3.265280164463e+01
2.435000000000e+01  -3.755673280438e+01 -1.534923726880e+01 -3.841768097644e+01 -2.843149708908e+01
2.440000000000e+01  -3.825052256270e+01 -1.237592669910e+01 -3.972710119483e+01 -2.389826942960e+01
2.445000000000e+01  -3.879200843844e+01 -9.263768819470e+00 -4.080330124933e+01 -1.911295275154e+01
2.450000000000e+01  -3.917526636240e+01 -6.053756601928e+00 -4.163524373957e+01 -1.413871553290e+01
2.455000000000e+01  -3.939645657093e+01 -2.788177346278e+00 -4.221511570595e+01 -9.041224677433e+00
2.460000000000e+01  -3.945387438759e+01 4.899469444986e-01 -4.253843193894e+01 -3.887776483569e+00
2.465000000000e+01  -3.934797274951e+01 3.737428911853e+00 -4.260409424935e+01 1.253593949872e+00
2.470000000000e+01  -3.908135618002e+01 6.911487377550e+00 -4.241440591488e+01 6.315013095238e+00
2.475000000000e+01  -3.865874628758e+01 9.970313504128e+00 -4.197504111198e+01 1.122966722927e+01
2.480000000000e+01  -3.808691924743e+01 1.287362408738e+01 -4.129496973749e+01 1.593268664079e+01
2.485000000000e+01  -3.737461609343e+01 1.558319465856e+01 -4.038633861494e+01 2.036200411135e+01
2.490000000000e+01  -3.653242700719e+01 1.806336534130e+01 -3.926431065767e+01 2.445917630752e+01
2.495000000000e+01  -3.557265113592e+01 2.028151276863e+01 -3.794686411734e+01 2.817015721470e+01
2.500000000000e+01  -3.450913379407e+01 2.220848181491e+01 -3.645455457438e+01 3.144601337680e+01
2.505000000000e+01  -3.335708320335e+01 2.381897142899e+01 -3.481024282052e+01 3.424357147622e+01
2.510000000000e+01  -3.213286919623e+01 2.509186946251e+01 -3.303879223424e+01 3.652598968419e+01
2.515000000000e+01  -3.085380654704e+01 2.601053206239e+01 -3.116673965440e+01 3.826324522011e+01
2.520000000000e+01  -2.953792579801e+01 2.656300392975e+01 -2.922194410748e+01 3.943253166764e+01
2.525000000000e+01  -2.820373461302e+01 2.674217653065e+01 -2.723321803729e+01 4.001856078939e+01
2.530000000000e+01  -2.686997281755e+01 2.654588216463e+01 -2.522994591742e+01 4.001376484601e+01
2.535000000000e+01  -2.555536436639e+01 2.597692264639e+01 -2.324169529374e+01 3.941839674230e+01
2.540000000000e+01  -2.427836952169e+01 2.504303222085e+01 -2.129782540434e+01 3.824052667476e+01
2.545000000000e+01  -2.305694052105e+01 2.375677520246e+01 -1.942709855656e+01 3.649593532529e+01
2.550000000000e+01  -2.190828396902e+01 2.213537969340e+01 -1.765729940400e+01 3.420790501419e+01
2.555000000000e+01  -2.084863309664e+01 2.020050958127e+01 -1.601486716210e+01 3.140691157660e+01
2.560000000000e+01  -1.989303290286e+01 1.797797783351e+01 -1.452454562955e+01 2.813022103987e+01
2.565000000000e+01  -1.905514102133e+01 1.549740488308e+01 -1.320905564702e+01 2.442139643969e+01
2.570000000000e+01  -1.834704694784e+01 1.279182662601e+01 -1.208879432813e+01 2.032972130144e+01
2.575000000000e+01  -1.777911202076e+01 9.897257218816e+00 -1.118156504271e+01 1.590954741678e+01
2.580000000000e+01  -1.735983227225e+01 6.852212461641e+00 -1.050234172610e+01 1.121957554667e+01
2.585000000000e+01  -1.709572596515e+01 3.697200074618e+00 -1.006307063333e+01 6.322078570234e+00
2.590000000000e+01  -1.699124730397e+01 4.741836132104e-01 -9.872512161973e+00 1.282077360147e+00
2.595000000000e+01  -1.704872746188e+01 -2.773972882967e+00 -9.936124836811e+00 -3.833519708859e+00
2.600000000000e+01  -1.726834370424e+01 -6.004072158324e+00 -1.025599299184e+01 -8.956802230736e+00
2.605000000000e+01  -1.764811701712e+01 -9.173155419250e+00 -1.083079910653e+01 -1.401975649974e+01
2.610000000000e+01  -1.818393827235e+01 -1.223907085625e+01 -1.165584116250e+01 -1.895516560914e+01
2.615000000000e+01  -1.886962258280e+01 -1.516103148646e+01 -1.272309479089e+01 -2.369749900506e+01
2.620000000000e+01  -1.969699112847e+01 -1.790015493405e+01 -1.402131938806e+01 -2.818377972328e+01
2.625000000000e+01  -2.065597937057e+01 -2.041997800507e+01 -1.553620679508e+01 -3.235441783167e+01
2.630000000000e+01  -2.173477022154e+01 -2.268693924687e+01 -1.725057057364e+01 -3.615399904887e+01
2.635000000000e+01  -2.291995040849e+01 -2.467082310583e+01 -1.914457337335e+01 -3.953201810236e+01
2.640000000000e+01  -2.419668796090e+01 -2.634515980559e+01 -2.119598938140e+01 -4.244354712072e+01
2.645000000000e+01  -2.554892847358e+01 -2.768757565359e+01 -2.338049838155e+01 -4.484983021475e+01
2.650000000000e+01  -2.695960754768e+01 -2.868008914012e+01 -2.567200753062e+01 -4.671879637851e+01
2.655000000000e+01  -2.841087659819e+01 -2.930934891123e+01 -2.804299659429e+01 -4.802548392278e+01
2.660000000000e+01  -2.988433903963e+01 -2.956681046625e+01 -3.046488207322e+01 -4.875237082385e+01
2.665000000000e+01  -3.136129372430e+01 -2.944884924135e+01 -3.290839540076e+01 -4.888960661588e+01
2.670000000000e+01  -3.282298241138e+01 -2.895680858281e+01 -3.534397020710e+01 -4.843514275792e+01
2.675000000000e+01  -3.425083799187e+01 -2.809698197492e+01 -3.774213352488e+01 -4.739475975040e+01
2.680000000000e+01  -3.562673018443e+01 -2.688052975790e+01 -4.007389575901e+01 -4.578199064216e+01
2.685000000000e+01  -3.693320545046e+01 -2.532333143775e+01 -4.231113425981e+01 -4.361794194031e+01
2.690000000000e+01  -3.815371795351e+01 -2.344577554289e+01 -4.442696542340e+01 -4.093101429307e+01
2.695000000000e+01  -3.927284850648e+01 -2.127248980827e+01 -4.639610039479e+01 -3.775652664210e+01
2.700000000000e+01  -4.027650860899e+01 -1.883201525804e+01 -4.819517966641e+01 -3.413624881814e+01
2.705000000000e+01  -4.115212687478e+01 -1.615642849961e+01 -4.980308214403e+01 -3.011784876575e+01
2.710000000000e+01  -4.188881538190e+01 -1.328091722805e+01 -5.120120458981e+01 -2.575426171248e+01
2.715000000000e+01  -4.247751374428e+01 -1.024331455821e+01 -5.237370774440e+01 -2.110298963094e+01
2.720000000000e+01  -4.291110899794e+01 -7.083598347577e+00 -5.330772587087e+01 -1.622534026461e+01
2.725000000000e+01  -4.318452971541e+01 -3.843362135482e+00 -5.399353694741e+01 -1.118561578826e+01
2.730000000000e+01  -4.329481310266e+01 -5.652647005505e-01 -5.442469125649e+01 -6.050261840032e+00
2.735000000000e+01  -4.324114419083e+01 2.707534479279e+00 -5.459809666862e+01 -8.869881871039e-01
2.740000000000e+01  -4.302486660380e+01 5.931946392918e+00 -5.451405949224e+01 4.236127338090e+00
2.745000000000e+01  -4.264946475942e+01 9.065522729720e+00 -5.417628034901e+01 9.251539772542e+00
2.750000000000e+01  -4.212051773965e+01 1.206701763401e+01 -5.359180512912e+01 1.409313090530e+01
2.755000000000e+01  -4.144562544035e+01 1.489693354633e+01 -5.277093167569e+01 1.869708427838e+01
2.760000000000e+01  -4.063430797788e+01 1.751804390766e+01 -5.172707343322e+01 2.300272972628e+01
2.765000000000e+01  -3.969787968381e+01 1.989588580929e+01 -5.047658186455e+01 2.695334627735e+01
2.770000000000e+01  -3.864929935539e+01 2.199921606849e+01 -4.903852998642e+01 3.049691279153e+01
2.775000000000e+01  -3.750299874337e+01 2.380042469431e+01 -4.743445988843e+01 3.358679640050e+01
2.780000000000e+01  -3.627469154718e+01 2.527590027175e+01 -4.568809757661e+01 3.618236963938e+01
2.785000000000e+01  -3.498116544506e+01 2.640634242881e+01 -4.382503891549e+01 3.824954810297e+01
2.790000000000e+01  -3.364005991150e+01 2.717701725114e+01 -4.187241082477e+01 3.976124151104e+01
2.795000000000e+01  -3.226963276234e+01 2.757795226428e+01 -3.985851221447e+01 4.069771221343e+01
2.800000000000e+01  -3.088851851700e+01 2.760406840294e+01 -3.781243941027e+01 4.104683639043e+01
2.805000000000e+01  -2.951548177586e+01 2.725524722100e+01 -3.576370102629e+01 4.080426449177e+01
2.810000000000e+01  -2.816916887630e+01 2.653633245270e+01 -3.374182738199e+01 3.997347879083e+01
2.815000000000e+01  -2.686786111432e+01 2.545706590426e+01 -3.177597963226e+01 3.856574729268e+01
2.820000000000e+01  -2.562923279730e+01 2.403195852459e+01 -2.989456378333e+01 3.659997460559e+01
2.825000000000e+01  -2.447011733000e+01 2.228009836109e+01 -2.812485470276e+01 3.410245174991e+01
2.830000000000e+01  -2.340628442946e+01 2.022489794220e+01 -2.649263509932e+01 3.110650821508e+01
2.835000000000e+01  -2.245223141692e+01 1.789378442979e+01 -2.502185425039e+01 2.765207086962e+01
2.840000000000e+01  -2.162099134901e+01 1.531783664194e+01 -2.373431099347e+01 2.378513556144e+01
2.845000000000e+01  -2.092396052735e+01 1.253137374970e+01 -2.264936517687e+01 1.955715840126e+01
2.850000000000e+01  -2.037074766920e+01 9.571501091069e+00 -2.178368138852e+01 1.502437478497e+01
2.855000000000e+01  -1.996904673538e+01 6.477619112896e+00 -2.115100835404e+01 1.024705516693e+01
2.860000000000e+01  -1.972453509831e+01 3.290901939270e+00 -2.076199692387e+01 5.288707433314e+00
2.865000000000e+01  -1.964079839794e+01 5.375246714514e-02 -2.062405905796e+01 2.152364313568e-01
2.870000000000e+01  -1.971928307994e+01 -3.190758799615e+00 -2.074126967430e+01 -4.905928222858e+00
2.875000000000e+01  -1.995927724431e+01 -6.399463751283e+00 -2.111431266031e+01 -1.000672451534e+01
2.880000000000e+01  -2.035792005778e+01 -9.529667965015e+00 -2.174047176142e+01 -1.501935877429e+01
2.885000000000e+01  -2.091023960559e+01 -1.253971572881e+01 -2.261366646756e+01 -1.987720285901e+01
2.890000000000e+01  -2.160921868152e+01 -1.538954131919e+01 -2.372453242254e+01 -2.451567592410e+01
2.895000000000e+01  -2.244588764564e+01 -1.804119923691e+01 -2.506054529222e+01 -2.887309908989e+01
2.900000000000e+01  -2.340944312093e+01 -2.045936638370e+01 -2.660618645224e+01 -3.289151170813e+01
2.905000000000e+01  -2.448739095776e+01 -2.261180953408e+01 -2.834314830253e+01 -3.651743842078e+01
2.910000000000e+01  -2.566571157446e+01 -2.446981191590e+01 -3.025057649149e+01 -3.970259686045e+01
2.915000000000e+01  -2.692904548567e+01 -2.600855325404e+01 -3.230534584431e+01 -4.240453662678e+01
2.920000000000e+01  -2.826089656335e+01 -2.720743824798e+01 -3.448236634367e+01 -4.458720108276e+01
2.925000000000e+01  -2.964385034034e+01 -2.805036913604e+01 -3.675491511364e+01 -4.622140453591e+01
2.930000000000e+01  -3.105980446765e+01 -2.852595873922e+01 -3.909499001313e+01 -4.728521848952e+01
2.935000000000e+01  -3.249020827530e+01 -2.862768116521e+01 -4.147368015956e+01 -4.776426185222e+01
2.940000000000e+01  -3.391630826672e+01 -2.835395817816e+01 -4.386154847926e+01 -4.765189126523e+01
2.945000000000e+01  -3.531939629758e+01 -2.770818009124e+01 -4.622902122179e+01 -4.694928902858e+01
2.950000000000e+01  -3.668105715469e+01 -2.669866090541e+01 -4.854677928347e+01 -4.566544746259e+01
2.955000000000e+01  -3.798341225871e+01 -2.533852828815e+01 -5.078614616138e+01 -4.381704991166e+01
2.960000000000e+01  -3.920935626518e+01 -2.364554984820e+01 -5.291946740354e+01 -4.142824996515e+01
2.965000000000e+01  -4.034278343301e+01 -2.164189800532e+01 -5.492047653364e+01 -3.853035181707e+01
2.970000000000e+01  -4.136880076448e+01 -1.935385656684e+01 -5.676464260780e+01 -3.516139599483e+01
2.975000000000e+01  -4.227392509610e+01 -1.681147289414e+01 -5.842949480370e+01 -3.136565593938e+01
2.980000000000e+01  -4.304626153209e+01 -1.404816026231e+01 -5.989491974643e+01 -2.719305209906e+01
2.985000000000e+01  -4.367566085901e+01 -1.110025567530e+01 -6.114342763639e+01 -2.269849129114e+01
2.990000000000e+01  -4.415385385833e+01 -8.006538988534e+00 -6.216038365717e+01 -1.794114007367e+01
2.995000000000e+01  -4.447456073959e+01 -4.807719702841e+00 -6.293420160106e+01 -1.298364174418e+01
3.000000000000e+01  -4.463357424562e+01 -1.545898221466e+00 -6.345649714969e+01 -7.891287327138e+00
3.005000000000e+01  -4.462881533035e+01 1.735991300066e+00 -6.372219878134e+01 -2.731151521554e+00
3.010000000000e+01  -4.446036067209e+01 4.994749137946e+00 -6.372961483715e+01 2.428794956525e+00
3.015000000000e+01  -4.413044165835e+01 8.187481698595e+00 -6.348045585863e+01 7.520584889355e+00
3.020000000000e+01  -4.364341485552e+01 1.127216916583e+01 -6.297981190100e+01 1.247715402647e+01
3.025000000000e+01  -4.300570435434e+01 1.420822158444e+01 -6.223608512240e+01 1.723322860375e+01
3.030000000000e+01  -4.222571675399e+01 1.695701602098e+01 -6.126087854125e+01 2.172618916715e+01
3.035000000000e+01  -4.131372991007e+01 1.948240769301e+01 -6.006884243395e+01 2.589689926921e+01
3.040000000000e+01  -4.028175691868e+01 2.175120830246e+01 -5.867748040546e+01 2.969048807151e+01
3.045000000000e+01  -3.914338713669e+01 2.373362524290e+01 -5.710691769960e+01 3.305707649598e+01
3.050000000000e+01  -3.791360634201e+01 2.540365586824e+01 -5.537963481490e+01 3.595243731522e+01
3.055000000000e+01  -3.660859841411e+01 2.673943160508e+01 -5.352016995156e+01 3.833858044627e+01
3.060000000000e+01  -3.524553115906e+01 2.772350735482e+01 -5.155479422720e+01 4.018425570198e+01
3.065000000000e+01  -3.384232911370e+01 2.834309235548e+01 -4.951116395972e+01 4.146536634663e+01
3.070000000000e+01  -3.241743633552e+01 2.859021944806e+01 -4.741795461879e+01 4.216528798272e+01
3.075000000000e+01  -3.098957231755e+01 2.846185050737e+01 -4.530448129047e+01 4.227508854894e+01
3.080000000000e+01  -2.957748425845e+01 2.795991664208e+01 -4.320031067749e+01 4.179364651776e+01
3.085000000000e+01  -2.819969896629e+01 2.709129263195e+01 -4.113486977022e+01 4.072766572836e+01
3.090000000000e+01  -2.687427767929e+01 2.586770594054e+01 -3.913705636696e+01 3.909158665882e+01
3.095000000000e+01  -2.561857704822e+01 2.430558150756e+01 -3.723485659808e+01 3.690739531157e+01
3.100000000000e+01  -2.444901944367e+01 2.242582437484e+01 -3.545497451561e+01 3.420433224142e+01
3.105000000000e+01  -2.338087562784e+01 2.025354302273e+01 -3.382247865031e+01 3.101850557692e+01
3.110000000000e+01  -2.242806266705e+01 1.781771707814e+01 -3.236047021373e+01 2.739241315625e+01
3.115000000000e+01  -2.160295975946e+01 1.515081379193e+01 -3.108977733614e+01 2.337438010172e+01
3.120000000000e+01  -2.091624441509e+01 1.228835836114e+01 -3.002867938697e+01 1.901791927608e+01
3.125000000000e+01  -2.037675115644e+01 9.268463782321e+00 -2.919266502593e+01 1.438102308427e+01
3.130000000000e+01  -1.999135460941e+01 6.131326458064e+00 -2.859422718687e+01 9.525395992912e+00
3.135000000000e+01  -1.976487853186e+01 2.918694231678e+00 -2.824269770751e+01 4.515637924486e+00
3.140000000000e+01  -1.970003198362e+01 -3.266861098055e-01 -2.814412379356e+01 -5.816106670044e-01
3.145000000000e+01  -1.979737348274e+01 -3.561634552654e+00 -2.830118795214e+01 -5.698550724703e+00
3.150000000000e+01  -2.005530362232e+01 -6.743109306731e+00 -2.871317245400e+01 -1.076712185052e+01
3.155000000000e+01  -2.047008624559e+01 -9.828776426539e+00 -2.937596879501e+01 -1.571990302531e+01
3.160000000000e+01  -2.103589789905e+01 -1.277757006461e+01 -3.028213203148e+01 -2.049100486755e+01
3.165000000000e+01  -2.174490490917e+01 -1.555023594288e+01 -3.142097927048e+01 -2.501694162226e+01
3.170000000000e+01  -2.258736706273e+01 -1.810985084977e+01 -3.277873101159e+01 -2.923747134042e+01
3.175000000000e+01  -2.355176651845e+01 -2.042231128785e+01 -3.433869346955e+01 -3.309639312979e+01
3.180000000000e+01  -2.462496024419e+01 -2.245678480552e+01 -3.608147946508e+01 -3.654229092646e+01
3.185000000000e+01  -2.579235396214e+01 -2.418611803955e+01 -3.798526496046e+01 -3.952921394398e+01
3.190000000000e+01  -2.703809530011e+01 -2.558719606869e+01 -4.002607784498e+01 -4.201728479509e+01
3.195000000000e+01  -2.834528359278e+01 -2.664124832242e+01 -4.217811514842e+01 -4.397322723806e+01
3.200000000000e+01  -2.969619355627e+01 -2.733409699673e+01 -4.441408448458e+01 -4.537080656357e+01
3.205000000000e+01  -3.107250987610e+01 -2.765634468908e+01 -4.670556520620e+01 -4.619117679396e+01
3.210000000000e+01  -3.245556960389e+01 -2.760349876968e+01 -4.902338449176e+01 -4.642313010012e+01
3.215000000000e+01  -3.382660915488e+01 -2.717603084296e+01 -5.133800338698e+01 -4.606324513509e+01
3.220000000000e+01  -3.516701263769e+01 -2.637937051243e+01 -5.361990769221e+01 -4.511593232155e+01
3.225000000000e+01  -3.645855822973e+01 -2.522383353135e+01 -5.583999852268e+01 -4.359337549360e+01
3.230000000000e+01  -3.768365933781e+01 -2.372448529020e+01 -5.796997737293e+01 -4.151537066542e+01
3.235000000000e+01  -3.882559735247e+01 -2.190094144743e+01 -5.998272058955e+01 -3.890906406029e+01
3.240000000000e+01  -3.986874291569e+01 -1.977710834199e+01 -6.185263829630e+01 -3.580859286711e+01
3.245000000000e+01  -4.079876277376e+01 -1.738086662305e+01 -6.355601302182e+01 -3.225463347852e+01
3.250000000000e+01  -4.160280947785e+01 -1.474370228372e+01 -6.507131354833e+01 -2.829386318924e+01
3.255000000000e+01  -4.226969142167e+01 -1.190028998170e+01 -6.637947982802e+01 -2.397834247865e+01
3.260000000000e+01  -4.279002096613e+01 -8.888034161079e+00 -6.746417519639e+01 -1.936482605223e+01
3.265000000000e+01  -4.315633869050e+01 -5.746574048317e+00 -6.831200254490e+01 -1.451401175979e+01
3.270000000000e+01  -4.336321212597e+01 -2.517259072996e+00 -6.891268159196e+01 -9.489737330192e+00
3.275000000000e+01  -4.340730766472e+01 7.573983441509e-01 -6.925918490645e+01 -4.358135552886e+00
3.280000000000e+01  -4.328743469308e+01 4.034285394249e+00 -6.934783088339e+01 8.132409132291e-01
3.285000000000e+01  -4.300456136454e+01 7.270259428812e+00 -6.917833244157e+01 5.956313521504e+00
3.290000000000e+01  -4.256180180406e+01 1.042271890315e+01 -6.875380079847e+01 1.100337877877e+01
3.295000000000e+01  -4.196437491280e+01 1.345016715883e+01 -6.808070427272e+01 1.588800422307e+01
3.300000000000e+01  -4.121953531862e+01 1.631276158403e+01 -6.716878265904e+01 2.054590758056e+01
3.305000000000e+01  -4.033647738613e+01 1.897284088428e+01 -6.603091830915e+01 2.491580746673e+01
3.310000000000e+01  -3.932621355648e+01 2.139542348564e+01 -6.468296562451e+01 2.894023437392e+01
3.315000000000e+01  -3.820142862717e+01 2.354867047447e+01 -6.314354121746e+01 3.256629121238e+01
3.320000000000e+01  -3.697631190008e+01 2.540430694726e+01 -6.143377751782e+01 3.574635333996e+01
3.325000000000e+01  -3.566636941934e+01 2.693799619437e+01 -5.957704308566e+01 3.843869881628e+01
3.330000000000e+01  -3.428821878364e+01 2.812966176569e+01 -5.759863333169e+01 4.060806054048e+01
3.335000000000e+01  -3.285936924860e+01 2.896375315616e+01 -5.552543573812e+01 4.222609296567e+01
3.340000000000e+01  -3.139799002927e+01 2.942945159484e+01 -5.338557401066e+01 4.327174721359e+01
3.345000000000e+01  -2.992266986901e+01 2.952081321438e+01 -5.120803587085e+01 4.373154962516e+01
3.350000000000e+01  -2.845217105665e+01 2.923684770592e+01 -4.902228941444e+01 4.359978006056e+01
3.355000000000e+01  -2.700518114724e+01 2.858153141875e+01 -4.685789311310e+01 4.287854758939e+01
3.360000000000e+01  -2.560006567221e+01 2.756375473118e+01 -4.474410462055e+01 4.157776256900e+01
3.365000000000e+01  -2.425462511137e+01 2.619720438930e+01 -4.270949356025e+01 3.971500548067e+01
3.370000000000e+01  -2.298585934322e+01 2.450018237053e+01 -4.078156341897e+01 3.731529425948e+01
3.375000000000e+01  -2.180974269065e+01 2.249536366932e+01 -3.898638755015e+01 3.441075319681e+01
3.380000000000e+01  -2.074101253914e+01 2.020949621042e+01 -3.734826410408e+01 3.104018779757e+01
3.385000000000e+01  -1.979297432491e+01 1.767304686097e+01 -3.588939445173e+01 2.724857121812e+01
3.390000000000e+01  -1.897732547377e+01 1.491979822621e+01 -3.462958935770e+01 2.308644908167e+01
3.395000000000e+01  -1.830400062066e+01 1.198640156472e+01 -3.358600679109e+01 1.860927054763e+01
3.400000000000e+01  -1.778104015825e+01 8.911891739992e+00 -3.277292484390e+01 1.387665448764e+01
3.405000000000e+01  -1.741448385421e+01 5.737170627375e+00 -3.220155276215e+01 8.951600479703e+00
3.410000000000e+01  -1.720829094511e+01 2.504465813066e+00 -3.187988259073e+01 3.899655061996e+00
3.415000000000e+01  -1.716428776423e+01 -7.432282513426e-01 -3.181258339506e+01 -1.211955719635e+00
3.420000000000e+01  -1.728214359655e+01 -3.962719242962e+00 -3.200093945959e+01 -6.315215990833e+00
3.425000000000e+01  -1.755937508046e+01 -7.111188580310e+00 -3.244283328097e+01 -1.134222018041e+01
3.430000000000e+01  -1.799137909771e+01 -1.014675808988e+01 -3.313277358094e+01 -1.622607169228e+01
3.435000000000e+01  -1.857149371665e+01 -1.302904422734e+01 -3.406196796828e+01 -2.090176822457e+01
3.440000000000e+01  -1.929108638199e+01 -1.571969251878e+01 -3.521843928809e+01 -2.530706201965e+01
3.445000000000e+01  -2.013966818408e+01 -1.818288514920e+01 -3.658718411883e+01 -2.938328366052e+01
3.450000000000e+01  -2.110503269546e+01 -2.038581498090e+01 -3.815037131930e+01 -3.307611851143e+01
3.455000000000e+01  -2.217341753731e+01 -2.229911972852e+01 -3.988757799830e+01 -3.633632552735e+01
3.460000000000e+01  -2.332968653766e+01 -2.389727054484e+01 -4.177605978383e+01 -3.912038891953e+01
3.465000000000e+01  -2.455753007054e+01 -2.515890987502e+01 -4.379105181539e+01 -4.139109405307e+01
3.470000000000e+01  -2.583968092504e+01 -2.606713410776e+01 -4.590609647580e+01 -4.311801995504e+01
3.475000000000e+01  -2.715814284720e+01 -2.660971728317e+01 -4.809339352551e+01 -4.427794191529e+01
3.480000000000e+01  -2.849442873040e+01 -2.677927289644e+01 -5.032416800562e+01 -4.485513885199e+01
3.485000000000e+01  -2.982980530190e+01 -2.657335165629e+01 -5.256905104084e+01 -4.484160137417e+01
3.490000000000e+01  -3.114554106745e+01 -2.599447390433e+01 -5.479846850284e+01 -4.423713778784e+01
3.495000000000e+01  -3.242315423265e+01 -2.505009626627e+01 -5.698303239038e+01 -4.304937664266e+01
3.500000000000e+01  -3.364465732004e+01 -2.375251297640e+01 -5.909392974673e+01 -4.129366578569e+01
3.505000000000e+01  -3.479279524461e+01 -2.211869318120e+01 -6.110330396750e+01 -3.899286925794e+01
3.510000000000e+01  -3.585127369726e+01 -2.017005637512e+01 -6.298462345256e+01 -3.617706472163e+01
3.515000000000e+01  -3.680497481342e+01 -1.793218894055e+01 -6.471303272332e+01 -3.288314542260e+01
3.520000000000e+01  -3.764015727308e+01 -1.543450554317e+01 -6.626568135882e+01 -2.915433195514e+01
3.525000000000e+01  -3.834463818377e+01 -1.270985986382e+01 -6.762202639729e+01 -2.503960029092e+01
3.530000000000e+01  -3.890795433961e+01 -9.794109818489e+00 -6.876410420142e+01 -2.059303364126e+01
3.535000000000e+01  -3.932150072241e+01 -6.725643020243e+00 -6.967676818926e+01 -1.587310673019e+01
3.540000000000e+01  -3.957864441164e+01 -3.544868763191e+00 -7.034788928477e+01 -1.094191195037e+01
3.545000000000e+01  -3.967481239605e+01 -2.936832515103e-01 -7.076851643525e+01 -5.864337642777e+00
3.550000000000e+01  -3.960755212470e+01 2.985084849275e+00 -7.093299507129e+01 -7.072093748937e-01
3.555000000000e+01  -3.937656399611e+01 6.248241201203e+00 -7.083904194156e+01 4.461594418361e+00
3.560000000000e+01  -3.898370535552e+01 9.452797422090e+00 -7.048777533220e+01 9.574040727278e+00
3.565000000000e+01  -3.843296594746e+01 1.255653998812e+01 -6.988370027067e+01 1.456284230563e+01
3.570000000000e+01  -3.773041514837e+01 1.551858888200e+01 -6.903464891011e+01 1.936234813951e+01
3.575000000000e+01  -3.688412167773e+01 1.829993859342e+01 -6.795167688295e+01 2.390941226219e+01
3.580000000000e+01  -3.590404685006e+01 2.086397431239e+01 -6.664891699557e+01 2.814422941728e+01
3.585000000000e+01  -3.480191278070e+01 2.317695648403e+01 -6.514339220021e+01 3.201112651083e+01
3.590000000000e+01  -3.359104728938e+01 2.520846731223e+01 -6.345479031915e+01 3.545929937845e+01
3.595000000000e+01  -3.228620755419e+01 2.693181330324e+01 -6.160520350256e+01 3.844348511701e+01
3.600000000000e+01  -3.090338484967e+01 2.832437852180e+01 -5.961883586804e+01 4.092456108333e+01
3.605000000000e+01  -2.945959295320e+01 2.936792388498e+01 -5.752168319083e+01 4.287006263268e+01
3.610000000000e+01  -2.797264301979e+01 3.004882853271e+01 -5.534118888382e+01 4.425461274535e+01
3.615000000000e+01  -2.646090790473e+01 3.035827008089e+01 -5.310588082004e+01 4.506025785568e+01
3.620000000000e+01  -2.494307905289e+01 3.029234137142e+01 -5.084499380390e+01 4.527670543907e+01
3.625000000000e+01  -2.343791917212e+01 2.985210217421e+01 -4.858808268743e+01 4.490146021288e+01
3.630000000000e+01  -2.196401396377e+01 2.904356515697e+01 -4.636463125154e+01 4.393985714867e+01
3.635000000000e+01  -2.053952619606e+01 2.787761630835e+01 -4.420366202833e+01 4.240499085893e+01
3.640000000000e+01  -1.918195537474e+01 2.636987086757e+01 -4.213335222812e+01 4.031754229270e+01
3.645000000000e+01  -1.790790619159e+01 2.454046666733e+01 -4.018066085393e+01 3.770550503384e+01
3.650000000000e+01  -1.673286881526e+01 2.241379762464e+01 -3.837097193822e+01 3.460381482376e+01
3.655000000000e+01  -1.567101393185e+01 2.001819090678e+01 -3.672775862337e+01 3.105388721188e+01
3.660000000000e+01  -1.473500524778e+01 1.738553204465e+01 -3.527227253125e+01 2.710306945224e+01
3.665000000000e+01  -1.393583193637e+01 1.455084295477e+01 -3.402326253302e+01 2.280401390009e+01
3.670000000000e+01  -1.328266324529e+01 1.155181845447e+01 -3.299672664073e+01 1.821398120081e+01
3.675000000000e+01  -1.278272718926e+01 8.428327403898e+00 -3.220570030435e+01 1.339408249271e+01
3.680000000000e+01  -1.244121493322e+01 5.221885076852e+00 -3.166008391575e+01 8.408470652623e+00
3.685000000000e+01  -1.226121213138e+01 1.975103742986e+00 -3.136651180260e+01 3.323491286999e+00
3.690000000000e+01  -1.224365813087e+01 -1.268871267561e+00 -3.132826444581e+01 -1.793195295389e+00
3.695000000000e+01  -1.238733357984e+01 -4.466932554024e+00 -3.154522508227e+01 -6.873509509536e+00
3.700000000000e+01  -1.268887660396e+01 -7.576581132870e+00 -3.201388126714e+01 -1.184985346893e+01
3.705000000000e+01  -1.314282733739e+01 -1.055648887383e+01 -3.272737137519e+01 -1.665600558548e+01
3.710000000000e+01  -1.374170021867e+01 -1.336704544081e+01 -3.367557542552e+01 -2.122799695539e+01
3.715000000000e+01  -1.447608309500e+01 -1.597088249954e+01 -3.484524902789e+01 -2.550495793312e+01
3.720000000000e+01  -1.533476182313e+01 -1.833336825445e+01 -3.622019867805e+01 -2.942992368966e+01
3.725000000000e+01  -1.630486871817e+01 -2.042306577029e+01 -3.778149608190e+01 -3.295058809442e+01
3.730000000000e+01  -1.737205288542e+01 -2.221214901285e+01 -3.950772867257e+01 -3.601999594401e+01
3.735000000000e+01  -1.852067018133e+01 -2.367677110307e+01 -4.137528300464e+01 -3.859716437679e+01
3.740000000000e+01  -1.973399028949e+01 -2.479737991100e+01 -4.335865727536e+01 -4.064762524942e+01
3.745000000000e+01  -2.099441817127e+01 -2.555897681299e+01 -4.543079883687e+01 -4.214388129774e+01
3.750000000000e+01  -2.228372696036e+01 -2.595131518787e+01 -4.756346223268e+01 -4.306577004498e+01
3.755000000000e+01  -2.358329921922e+01 -2.596903602503e+01 -4.972758302037e+01 -4.340073064142e+01
3.760000000000e+01  -2.487437336448e+01 -2.561173884996e+01 -5.189366243314e+01 -4.314397010425e+01
3.765000000000e+01  -2.613829200025e+01 -2.488398702846e+01 -5.403215778973e+01 -4.229852675734e+01
3.770000000000e+01  -2.735674887278e+01 -2.379524737948e+01 -5.611387348594e+01 -4.087523003173e+01
3.775000000000e+01  -2.851203117837e+01 -2.235976489554e+01 -5.811034739347e+01 -3.889255715848e+01
3.780000000000e+01  -2.958725401774e+01 -2.059637422899e+01 -5.999422755238e+01 -3.637638865071e+01
3.785000000000e+01  -3.056658389418e+01 -1.852825043857e+01 -6.173963417205e+01 -3.335966581055e+01
3.790000000000e+01  -3.143544829760e+01 -1.618260229513e+01 -6.332250214999e+01 -2.988195479373e+01
3.795000000000e+01  -3.218072860094e+01 -1.359031220521e+01 -6.472089957553e+01 -2.598892300088e+01
3.800000000000e+01  -3.279093371616e+01 -1.078552751770e+01 -6.591531800331e+01 -2.173173472492e+01
3.805000000000e+01  -3.325635221149e+01 -7.805208622328e+00 -6.688893065519e+01 -1.716637405281e+01
3.810000000000e+01  -3.356918087701e+01 -4.688639820285e+00 -6.762781513342e+01 -1.235290398194e+01
3.815000000000e+01  -3.372362803708e+01 -1.476909440311e+00 -6.812113769771e+01 -7.354671556476e+00
3.820000000000e+01  -3.371599024223e+01 1.787633919778e+00 -6.836129666763e+01 -2.237469542534e+00
3.825000000000e+01  -3.354470132581e+01 5.061941829944e+00 -6.834402305228e+01 2.931334263266e+00
3.830000000000e+01  -3.321035317600e+01 8.302835726364e+00 -6.806843707572e+01 8.083688569171e+00
3.835000000000e+01  -3.271568794834e+01 1.146757833205e+01 -6.753705985008e+01 1.315175916903e+01
3.840000000000e+01  -3.206556182192e+01 1.451443923753e+01 -6.675578004168e+01 1.806882665010e+01
3.845000000000e+01  -3.126688077867e+01 1.740324715659e+01 -6.573377597164e+01 2.277016934769e+01
3.850000000000e+01  -3.032850925595e+01 2.009592154866e+01 -6.448339418147e+01 2.719391986159e+01
3.855000000000e+01  -2.926115288102e+01 2.255697657227e+01 -6.301998607117e+01 3.128188379917e+01
3.860000000000e+01  -2.807721683948e+01 2.475399070028e+01 -6.136170477134e+01 3.498030990994e+01
3.865000000000e+01  -2.679064175201e+01 2.665803578200e+01 -5.952926493780e+01 3.824060141959e+01
3.870000000000e+01  -2.541671923131e+01 2.824405987403e+01 -5.754566864749e+01 4.101995914965e+01
3.875000000000e+01  -2.397188956026e+01 2.949121877341e+01 -5.543590102304e+01 4.328194791192e+01
3.880000000000e+01  -2.247352416880e+01 3.038315186552e+01 -5.322659961431e+01 4.499697868183e+01
3.885000000000e+01  -2.093969578822e+01 3.090819863629e+01 -5.094570191219e+01 4.614270016968e+01
3.890000000000e+01  -1.938893932459e+01 3.105955298332e+01 -4.862207565939e+01 4.670429460789e+01
3.895000000000e+01  -1.784000661607e+01 3.083535328372e+01 -4.628513685088e+01 4.667467383950e+01
3.900000000000e+01  -1.631161831943e+01 3.023870702681e+01 -4.396446047918e+01 4.605457311325e+01
3.905000000000e+01  -1.482221620950e+01 2.927764968567e+01 -4.168938917592e+01 4.485254134362e+01
3.910000000000e+01  -1.338971916952e+01 2.796503837175e+01 -3.948864492906e+01 4.308482796502e+01
3.915000000000e+01  -1.203128610166e+01 2.631838168000e+01 -3.738994901407e+01 4.077516787730e+01
3.920000000000e+01  -1.076308889523e+01 2.435960797642e+01 -3.541965516908e+01 3.795446732870e+01
3.925000000000e+01  -9.600098457318e+00 2.211477519426e+01 -3.360240086842e+01 3.466039489329e+01
3.930000000000e+01  -8.555886637332e+00 1.961372597975e+01 -3.196078130974e+01 3.093688295583e+01
3.935000000000e+01  -7.642446666894e+00 1.688969275090e+01 -3.051505042902e+01 2.683354630148e+01
3.940000000000e+01  -6.870034491317e+00 1.397885789619e+01 -2.928285290030e+01 2.240502550468e+01
3.945000000000e+01  -6.247033092512e+00 1.091987493335e+01 -2.827899066685e+01 1.771026380677e+01
3.950000000000e+01  -5.779841598866e+00 7.753356965328e+00 -2.751522709346e+01 1.281172705232e+01
3.955000000000e+01  -5.472790649599e+00 4.521339203128e+00 -2.700013133176e+01 7.774577007228e+00
3.960000000000e+01  -5.328085133681e+00 1.266722668560e+00 -2.673896495816e+01 2.665808999210e+00
3.965000000000e+01  -5.345775061083e+00 -1.967293561132e+00 -2.673361238468e+01 -2.446634707080e+00
3.970000000000e+01  -5.523754951864e+00 -5.137784053040e+00 -2.698255596364e+01 -7.494764066618e+00
3.975000000000e+01  -5.857791751163e+00 -8.202665096917e+00 -2.748089611558e+01 -1.241144104284e+01
3.980000000000e+01  -6.341580900679e+00 -1.112125164410e+01 -2.822041621419e+01 -1.713126812098e+01
3.985000000000e+01  -6.966829824580e+00 -1.385479573652e+01 -2.918969136933e+01 -2.159145378724e+01
3.990000000000e+01  -7.723367724987e+00 -1.636699930018e+01 -3.037423966875e+01 -2.573264352016e+01
3.995000000000e+01  -8.599280234004e+00 -1.862449451692e+01 -3.175671387681e+01 -2.949970529680e+01
4.000000000000e+01  -9.581067140294e+00 -2.059728541708e+01 -3.331713105333e+01 -3.284245921836e+01
4.005000000000e+01  -1.065382110287e+01 -2.225914484912e+01 -3.503313705379e+01 -3.571634159929e+01
4.010000000000e+01  -1.180142498697e+01 -2.358796157272e+01 -3.688030241038e+01 -3.808299473158e+01
4.015000000000e+01  -1.300676521052e+01 -2.456603288182e+01 -3.883244567843e+01 -3.991077451900e+01
4.020000000000e+01  -1.425195827767e+01 -2.518029888524e+01 -4.086197996883e+01 -4.117516926351e+01
4.025000000000e+01  -1.551858750159e+01 -2.542251534412e+01 -4.294027808053e+01 -4.185912406141e+01
4.030000000000e+01  -1.678794678360e+01 -2.528936277917e+01 -4.503805140100e+01 -4.195326651642e+01
4.035000000000e+01  -1.804128822256e+01 -2.478249040354e+01 -4.712573756016e+01 -4.145603078239e+01
4.040000000000e+01  -1.926007027761e+01 -2.390849430011e+01 -4.917389170769e+01 -4.037367829415e+01
4.045000000000e+01  -2.042620320005e+01 -2.267883013179e+01 -5.115357623553e+01 -3.872021491217e+01
4.050000000000e+01  -2.152228848642e+01 -2.110966154032e+01 -5.303674378785e+01 -3.651720557755e+01
4.055000000000e+01  -2.253184918374e+01 -1.922164623949e+01 -5.479660848998e+01 -3.379348893012e+01
4.060000000000e+01  -2.343954799907e+01 -1.703966263399e+01 -5.640800048326e+01 -3.058479566645e+01
4.065000000000e+01  -2.423139032707e+01 -1.459248058152e+01 -5.784769907395e+01 -2.693327568842e+01
4.070000000000e+01  -2.489490950842e+01 -1.191238065550e+01 -5.909474008737e+01 -2.288694030010e+01
4.075000000000e+01  -2.541933186771e+01 -9.034726946943e+00 -6.013069335966e+01 -1.849902683477e+01
4.080000000000e+01  -2.579571934640e+01 -5.997499059045e+00 -6.093990669491e+01 -1.382729412080e+01
4.085000000000e+01  -2.601708784347e+01 -2.840789488128e+00 -6.150971305906e+01 -8.933258110015e+00
4.090000000000e+01  -2.607849969751e+01 3.937269574728e-01 -6.183059826863e+01 -3.881377784336e+00
4.095000000000e+01  -2.597712908634e+01 3.663344678824e+00 -6.189632695505e+01 1.261797885606e+00
4.100000000000e+01  -2.571229947879e+01 6.924892449306e+00 -6.170402513762e+01 6.428510640781e+00
4.105000000000e+01  -2.528549264282e+01 1.013530473965e+01 -6.125421831227e+01 1.155068963777e+01
4.110000000000e+01  -2.470032909088e+01 1.325219164418e+01 -6.055082455206e+01 1.656085228953e+01
4.115000000000e+01  -2.396252022136e+01 1.623439986588e+01 -5.960110271087e+01 2.139299732115e+01
4.120000000000e+01  -2.307979278926e+01 1.904255733619e+01 -5.841555641548e+01 2.598347822198e+01
4.125000000000e+01  -2.206178670587e+01 2.163959426208e+01 -5.700779511687e+01 3.027184553479e+01
4.130000000000e+01  -2.091992751990e+01 2.399123370478e+01 -5.539435403946e+01 3.420164683516e+01
4.135000000000e+01  -1.966727526752e+01 2.606644519796e+01 -5.359447541106e+01 3.772117381415e+01
4.140000000000e+01  -1.831835169187e+01 2.783785540216e+01 -5.162985386882e+01 4.078414657749e+01
4.145000000000e+01  -1.688894811838e+01 2.928211036072e+01 -4.952434941039e+01 4.335032610498e+01
4.150000000000e+01  -1.539591652860e+01 3.038018456342e+01 -4.730367168917e+01 4.538604676523e+01
4.155000000000e+01  -1.385694659747e+01 3.111763272735e+01 -4.499503983157e+01 4.686466183809e+01
4.160000000000e+01  -1.229033164466e+01 3.148478096320e+01 -4.262682227843e+01 4.776689614891e+01
4.165000000000e+01  -1.071472659742e+01 3.147685479699e+01 -4.022816141671e+01 4.808110114789e+01
4.170000000000e+01  -9.148901167997e+00 3.109404235291e+01 -3.782858796931e+01 4.780340905865e+01
4.175000000000e+01  -7.611491512197e+00 3.034149186129e+01 -3.545763024600e+01 4.693778405627e+01
4.180000000000e+01  -6.120753655462e+00 2.922924352458e+01 -3.314442342666e+01 4.549596979720e+01
4.185000000000e+01  -4.694321949768e+00 2.777209664296e+01 -3.091732404773e+01 4.349733399575e+01
4.190000000000e+01  -3.348975757835e+00 2.598941375822e+01 -2.880353479346e+01 4.096861210382e+01
4.195000000000e+01  -2.100417452386e+00 2.390486440771e+01 -2.682874455777e+01 3.794355348608e+01
4.200000000000e+01  -9.630646683935e-01 2.154611187957e+01 -2.501678853994e+01 3.446247477312e+01
4.205000000000e+01  5.014044235246e-02 1.894444711482e+01 -2.338933287249e+01 3.057172630356e+01
4.210000000000e+01  9.279024300297e-01 1.613437460101e+01 -2.196558795484e+01 2.632307871607e+01
4.215000000000e+01  1.660721973022e+00 1.315315573802e+01 -2.076205428660e+01 2.177303780929e+01
4.220000000000e+01  2.241021534102e+00 1.004031571882e+01 -1.979230416394e+01 1.698209673670e+01
4.225000000000e+01  2.663245583633e+00 6.837120451345e+00 -1.906680212823e+01 1.201393543299e+01
4.230000000000e+01  2.923934063432e+00 3.586030443773e+00 -1.859276654311e+01 6.934577866517e+00
4.235000000000e+01  3.021768119084e+00 3.301388804956e-01 -1.837407413171e+01 1.811518271053e+00
4.240000000000e+01  2.957587495484e+00 -2.887398674648e+00 -1.841120873763e+01 -3.287172079992e+00
4.245000000000e+01  2.734379365394e+00 -6.023935400644e+00 -1.870125498755e+01 -8.293745735780e+00
4.250000000000e+01  2.357238738870e+00 -9.037897608817e+00 -1.923793693946e+01 -1.314167564473e+01
4.255000000000e+01  1.833300977493e+00 -1.188933493047e+01 -2.001170120501e+01 -1.776653558038e+01
4.260000000000e+01  1.171647306521e+00 -1.454044902149e+01 -2.100984344587e+01 -2.210685276490e+01
4.265000000000e+01  3.831845754030e-01 -1.695609378695e+01 -2.221667657018e+01 -2.610492140656e+01
4.270000000000e+01  -5.194991420750e-01 -1.910424050595e+01 -2.361373840306e+01 -2.970756638498e+01
4.275000000000e+01  -1.522301197040e+00 -2.095640170097e+01 -2.518003608287e+01 -3.286684697733e+01
4.280000000000e+01  -2.609791058733e+00 -2.248800814246e+01 -2.689232394899e+01 -3.554069131252e+01
4.285000000000e+01  -3.765414580959e+00 -2.367873399930e+01 -2.872541124341e+01 -3.769345315706e+01
4.290000000000e+01  -4.971713138535e+00 -2.451276583211e+01 -3.065249555410e+01 -3.929638366392e+01
4.295000000000e+01  -6.210554733668e+00 -2.497901186959e+01 -3.264551758733e+01 -4.032801184145e+01
4.300000000000e+01  -7.463374013816e+00 -2.507124879823e+01 -3.467553257390e+01 -4.077442870710e+01
4.305000000000e+01  -8.711418024620e+00 -2.478820412291e+01 -3.671309339413e+01 -4.062947136557e+01
4.310000000000e+01  -9.935994445627e+00 -2.413357300834e+01 -3.872864035118e+01 -3.989480457521e+01
4.315000000000e+01  -1.111871902365e+01 -2.311596937850e+01 -4.069289243464e+01 -3.857989872330e+01
4.320000000000e+01  -1.224175892920e+01 -2.174881192122e+01 -4.257723489631e+01 -3.670190450161e+01
4.325000000000e+01  -1.328806881550e+01 -2.005014650652e+01 -4.435409800897e+01 -3.428542594088e+01
4.330000000000e+01  -1.424161645594e+01 -1.804240736880e+01 -4.599732199569e+01 -3.136219480778e+01
4.335000000000e+01  -1.508759497404e+01 -1.575212021349e+01 -4.748250330019e+01 -2.797065067349e+01
4.340000000000e+01  -1.581261885709e+01 -1.320955117712e+01 -4.878731761574e+01 -2.415543221114e+01
4.345000000000e+01  -1.640490115966e+01 -1.044830628651e+01 -4.989181539758e+01 -1.996678645444e+01
4.350000000000e+01  -1.685440955162e+01 -7.504886717936e+00 -5.077868594809e+01 -1.545990383520e+01
4.355000000000e+01  -1.715299914570e+01 -4.418205741824e+00 -5.143348657978e+01 -1.069418780003e+01
4.360000000000e+01  -1.729452034667e+01 -1.229073745801e+00 -5.184483382343e+01 -5.732468671901e+00
4.365000000000e+01  -1.727490029495e+01 2.020341848688e+00 -5.200455415082e+01 -6.401721605501e-01
4.370000000000e+01  -1.709219682663e+01 5.287074628769e+00 -5.190779221746e+01 4.515546474553e+00
4.375000000000e+01  -1.674662423610e+01 8.527927806381e+00 -5.155307519285e+01 9.666691150049e+00
4.380000000000e+01  -1.624055050005e+01 1.170004588333e+01 -5.094233232681e+01 1.474532481202e+01
4.385000000000e+01  -1.557846599971e+01 1.476148179971e+01 -5.008086949315e+01 1.968446850812e+01
4.390000000000e+01  -1.476692415533e+01 1.767175206008e+01 -4.897729904729e+01 2.441898778025e+01
4.395000000000e+01  -1.381445475837e+01 2.039237249088e+01 -4.764342592638e+01 2.888645464717e+01
4.400000000000e+01  -1.273145114851e+01 2.288736753880e+01 -4.609409149902e+01 3.302797376965e+01
4.405000000000e+01  -1.153003272850e+01 2.512374637013e+01 -4.434697723127e+01 3.678896186469e+01
4.410000000000e+01  -1.022388463632e+01 2.707193947041e+01 -4.242237076707e+01 4.011987005404e+01
4.415000000000e+01  -8.828076696505e+00 2.870618996627e+01 -4.034289751892e+01 4.297683958738e+01
4.420000000000e+01  -7.358864046563e+00 3.000489449098e+01 -3.813322132073e+01 4.532228226255e+01
4.425000000000e+01  -5.833472076971e+00 3.095088908237e+01 -3.581971810471e+01 4.712537786128e+01
4.430000000000e+01  -4.269868530939e+00 3.153167632990e+01 -3.343012692047e+01 4.836248201757e+01
4.435000000000e+01  -2.686525779894e+00 3.173959076450e+01 -3.099318291512e+01 4.901743912088e+01
4.440000000000e+01  -1.102176420764e+00 3.157190030265e+01 -2.853823713122e+01 4.908179611325e+01
4.445000000000e+01  4.644345705319e-01 3.103084240204e+01 -2.609486815430e+01 4.855491435092e+01
4.450000000000e+01  1.994797849377e+00 3.012359445043e+01 -2.369249074943e+01 4.744397805005e+01
4.455000000000e+01  3.470884594378e+00 2.886217877951e+01 -2.135996666601e+01 4.576389920484e+01
4.460000000000e+01  4.875385040016e+00 2.726330356089e+01 -1.912522276158e+01 4.353712023636e+01
4.465000000000e+01  6.191937493286e+00 2.534814168968e+01 -1.701488149814e+01 4.079331698374e+01
4.470000000000e+01  7.405344803528e+00 2.314205058207e+01 -1.505390870124e+01 3.756900596851e+01
4.475000000000e+01  8.501775420684e+00 2.067423659498e+01 -1.326528324321e+01 3.390706112933e+01
4.480000000000e+01  9.468946381189e+00 1.797736850890e+01 -1.166969302206e+01 2.985614642289e+01
4.485000000000e+01  1.029628579986e+01 1.508714518912e+01 -1.028526125932e+01 2.547007179970e+01
4.490000000000e+01  1.097507271734e+01 1.204182314683e+01 -9.127306739203e+00 2.080708107802e+01
4.495000000000e+01  1.149855245246e+01 8.881710252482e+00 -8.208141161802e+00 1.592908113995e+01
4.500000000000e+01  1.186202593277e+01 5.648632301428e+00 -7.536906292408e+00 1.090082265072e+01
4.505000000000e+01  1.206291182125e+01 2.385379491484e+00 -7.119453061941e+00 5.789043143457e+00
4.510000000000e+01  1.210078061687e+01 -8.648598623980e-01 -6.958264218548e+00 6.615838097148e-01
4.515000000000e+01  1.197736027771e+01 -4.059070882066e+00 -7.052421553965e+00 -4.413508315595e+00
4.520000000000e+01  1.169651329241e+01 -7.154981384797e+00 -7.397618138378e+00 -9.368880893410e+00
4.525000000000e+01  1.126418550313e+01 -1.011162131305e+01 -7.986215401863e+00 -1.413876762603e+01
4.530000000000e+01  1.068832735750e+01 -1.288986493185e+01 -8.807344306974e+00 -1.865985861287e+01
4.535000000000e+01  9.978788631589e+00 -1.545294861837e+01 -9.847049273573e+00 -2.287213819824e+01
4.540000000000e+01  9.147188017254e+00 -1.776695739127e+01 -1.108847295119e+01 -2.671967922304e+01
4.545000000000e+01  8.206759299592e+00 -1.980127374114e+01 -1.251207939363e+01 -3.015138316915e+01
4.550000000000e+01  7.172176160339e+00 -2.152898282210e+01 -1.409591268235e+01 -3.312165640170e+01
4.555000000000e+01  6.059357925672e+00 -2.292722864237e+01 -1.581588757596e+01 -3.559101355956e+01
4.560000000000e+01  4.885258829181e+00 -2.397751653998e+01 -1.764610833937e+01 -3.752660010899e+01
4.565000000000e+01  3.667643578909e+00 -2.466595794055e+01 -1.955921153331e+01 -3.890262714485e+01
4.570000000000e+01  2.424852198595e+00 -2.498345415816e+01 -2.152672822758e+01 -3.970071268530e+01
4.575000000000e+01  1.175557255217e+00 -2.492581680683e+01 -2.351946084463e+01 -3.991012494327e+01
4.580000000000e+01  -6.148331431394e-02 -2.449382322903e+01 -2.550786964622e+01 -3.952792435522e+01
4.585000000000e+01  -1.267674506218e+00 -2.369320620780e+01 -2.746246374856e+01 -3.855900248768e+01
4.590000000000e+01  -2.424830396625e+00 -2.253457809857e+01 -2.935419149099e+01 -3.701601730653e+01
4.595000000000e+01  -3.515414874564e+00 -2.103329038466e+01 -3.115482499232e+01 -3.491922566584e+01
4.600000000000e+01  -4.522773775304e+00 -1.920923051522e+01 -3.283733380536e+01 -3.229621523299e+01
4.605000000000e+01  -5.431355341980e+00 -1.708655871421e+01 -3.437624272498e+01 -2.918153939783e+01
4.610000000000e+01  -6.226916097943e+00 -1.469338824344e+01 -3.574796901419e+01 -2.561625999750e+01
4.615000000000e+01  -6.896709405289e+00 -1.206141335116e+01 -3.693113458553e+01 -2.164740390843e+01
4.620000000000e+01  -7.429654214205e+00 -9.225489829815e+00 -3.790684900645e+01 -1.732734069705e+01
4.625000000000e+01  -7.816481769896e+00 -6.223173733998e+00 -3.865895958313e+01 -1.271308956535e+01
4.630000000000e+01  -8.049858335570e+00 -3.094224363093e+00 -3.917426521343e+01 -7.865564763146e+00
4.635000000000e+01  -8.124482307369e+00 1.199219138191e-01 -3.944269117858e+01 -2.848769453331e+00
4.640000000000e+01  -8.037154436032e+00 3.376700027396e+00 -3.945742256062e+01 2.271051301611e+00
4.645000000000e+01  -7.786820225964e+00 6.632979514697e+00 -3.921499451980e+01 7.426287222349e+00
4.650000000000e+01  -7.374583950613e+00 9.845635308273e+00 -3.871533823729e+01 1.254885756275e+01
4.655000000000e+01  -6.803694098664e+00 1.297211845387e+01 -3.796178191515e+01 1.757111208613e+01
4.660000000000e+01  -6.079500443667e+00 1.597101920388e+01 -3.696100682039e+01 2.242672634409e+01
4.665000000000e+01  -5.209383305226e+00 1.880261503453e+01 -3.572295895471e+01 2.705157940999e+01
4.670000000000e+01  -4.202655937917e+00 2.142939633437e+01 -3.426071751902e+01 3.138460245101e+01
4.675000000000e+01  -3.070441339702e+00 2.381656280718e+01 -3.259032191339e+01 3.536858690880e+01
4.680000000000e+01  -1.825525110177e+00 2.593248401975e+01 -3.073055956194e+01 3.895094159342e+01
4.685000000000e+01  -4.821863059068e-01 2.774911799976e+01 -2.870271737055e+01 4.208438867094e+01
4.690000000000e+01  9.439914686842e-01 2.924238234407e+01 -2.653030010674e+01 4.472758933428e+01
4.695000000000e+01  2.436326234850e+00 3.039247292599e+01 -2.423871942843e+01 4.684569087696e+01
4.700000000000e+01  3.977258348989e+00 3.118412598404e+01 -2.185495767719e+01 4.841078792991e+01
4.705000000000e+01  5.548582827169e+00 3.160682012348e+01 -1.940721088531e+01 4.940229175725e+01
4.710000000000e+01  7.131690210136e+00 3.165491555743e+01 -1.692451572091e+01 4.980720272392e+01
4.715000000000e+01  8.707812781206e+00 3.132772874487e+01 -1.443636530846e+01 4.962028232915e+01
4.720000000000e+01  1.025827287858e+01 3.062954143776e+01 -1.197231900857e+01 4.884412252925e+01
4.725000000000e+01  1.176473001593e+01 2.956954401747e+01 -9.561611321514e+00 4.748911143217e+01
4.730000000000e+01  1.320942354090e+01 2.816171387060e+01 -7.232765090013e+00 4.557329581795e+01
4.735000000000e+01  1.457540762006e+01 2.642463041348e+01 -5.013214120359e+00 4.312214230438e+01
4.740000000000e+01  1.584677544075e+01 2.438122921365e+01 -2.928940215947e+00 4.016820031867e+01
4.745000000000e+01  1.700886966245e+01 2.205849846196e+01 -1.004129426778e+00 3.675067133524e+01
4.750000000000e+01  1.804847633283e+01 1.948712181242e+01 7.391479358729e-01 3.291489008056e+01
4.755000000000e+01  1.895399970198e+01 1.670107231632e+01 2.281229284980e+00 2.871172457054e+01
4.760000000000e+01  1.971561562154e+01 1.373716282452e+01 3.605119879313e+00 2.419690292051e+01
4.765000000000e+01  2.032540149841e+01 1.063455880793e+01 4.696717638590e+00 1.943027583675e+01
4.770000000000e+01  2.077744108348e+01 7.434260043488e+00 5.544999677027e+00 1.447502454977e+01
4.775000000000e+01  2.106790270846e+01 4.178558024935e+00 6.142168086697e+00 9.396824671493e+00
4.780000000000e+01  2.119508993540e+01 9.104762791339e-01 6.483753041429e+00 4.262977041939e+00
4.785000000000e+01  2.115946394877e+01 -2.326799005317e+00 6.568671856749e+00 -8.584829323240e-01
4.790000000000e+01  2.096363739361e+01 -5.490490502081e+00 6.399243224286e+00 -5.899685660854e+00
4.795000000000e+01  2.061233974132e+01 -8.538795860140e+00 5.981156432260e+00 -1.079382555754e+01
4.800000000000e+01  2.011235464157e+01 -1.143144091399e+01 5.323395979395e+00 -1.547604514769e+01
4.805000000000e+01  1.947243008923e+01 -1.413021266981e+01 4.438122579919e+00 -1.988429339376e+01
4.810000000000e+01  1.870316259532e+01 -1.659946501401e+01 3.340512134437e+00 -2.396014688062e+01
4.815000000000e+01  1.781685689475e+01 -1.880659045166e+01 2.048554797735e+00 -2.764958299283e+01
4.820000000000e+01  1.682736304765e+01 -2.072245163188e+01 5.828168026528e-01 -3.090369485167e+01
4.825000000000e+01  1.574989308981e+01 -2.232176694925e+01 -1.033831807939e+00 -3.367933855046e+01
4.830000000000e+01  1.460081965902e+01 -2.358344511827e+01 -2.776519937875e+00 -3.593970412271e+01
4.835000000000e+01  1.339745926200e+01 -2.449086429317e+01 -4.618704676450e+00 -3.765480268686e+01
4.840000000000e+01  1.215784305032e+01 -2.503209203906e+01 -6.532522662051e+00 -3.880186332077e+01
4.845000000000e+01  1.090047813886e+01 -2.520004324352e+01 -8.489158920715e+00 -3.936563441367e+01
4.850000000000e+01  9.644102625414e+00 -2.499257387862e+01 -1.045922829841e+01 -3.933858550765e+01
4.855000000000e+01  8.407437553672e+00 -2.441250937266e+01 -1.241316443913e+01 -3.872100695727e+01
4.860000000000e+01  7.208939101922e+00 -2.346760721617e+01 -1.432161116119e+01 -3.752100608863e+01
4.865000000000e+01  6.066554277161e+00 -2.217045429694e+01 -1.615581105199e+01 -3.575439990860e+01
4.870000000000e+01  4.997483347666e+00 -2.053830032286e+01 -1.788798613891e+01 -3.344450578418e+01
4.875000000000e+01  4.017952158027e+00 -1.859282953697e+01 -1.949170559830e+01 -3.062183286202e+01
4.880000000000e+01  3.142997339815e+00 -1.635987374593e+01 -2.094223563639e+01 -2.732367831205e+01
4.885000000000e+01  2.386267260418e+00 -1.386907045955e+01 -2.221686691177e+01 -2.359363373831e+01
4.890000000000e+01  1.759841344262e+00 -1.115347066576e+01 -2.329521516638e+01 -1.948100828929e+01
4.895000000000e+01  1.274070157560e+00 -8.249101431516e+00 -2.415949108643e+01 -1.504017610234e+01
4.900000000000e+01  9.374383728606e-01 -5.194489118382e+00 -2.479473582189e+01 -1.032985671792e+01
4.905000000000e+01  7.564524269673e-01 -2.030149522341e+00 -2.518901904769e+01 -5.412337986870e+00
4.910000000000e+01  7.355543589278e-01 1.201948314486e+00 -2.533359694554e+01 -3.526517546330e-01
4.915000000000e+01  8.770629683853e-01 4.458937524424e+00 -2.522302801560e+01 4.782286768573e+00
4.920000000000e+01  1.181143072990e+00 7.697620716646e+00 -2.485524518530e+01 9.924564562019e+00
4.925000000000e+01  1.645803271724e+00 1.087504165373e+01 -2.423158326112e+01 1.500616955378e+01
4.930000000000e+01  2.266922243738e+00 1.394905373680e+01 -2.335676135997e+01 1.995989069093e+01
4.935000000000e+01  3.038303234661e+00 1.687887777593e+01 -2.223882055266e+01 2.472020740905e+01
4.940000000000e+01  3.951756009319e+00 1.962564166432e+01 -2.088901754476e+01 2.922415672985e+01
4.945000000000e+01  4.997205186288e+00 2.215289481406e+01 -1.932167580176e+01 3.341216651180e+01
4.950000000000e+01  6.162823520599e+00 2.442709054566e+01 -1.755399608885e+01 3.722884382638e+01
4.955000000000e+01  7.435188370721e+00 2.641803004718e+01 -1.560582893256e+01 4.062370802675e+01
4.960000000000e+01  8.799459279146e+00 2.809926202785e+01 -1.349941201556e+01 4.355185880735e+01
4.965000000000e+01  1.023957431648e+01 2.944843277690e+01 -1.125907597983e+01 4.597457041325e+01
4.970000000000e+01  1.173846259060e+01 3.044758199513e+01 -8.910922531749e+00 4.785980413568e+01
4.975000000000e+01  1.327827010859e+01 3.108338048416e+01 -6.482479108913e+00 4.918263231123e+01
4.980000000000e+01  1.484059600232e+01 3.134730654768e+01 -4.002334678909e+00 4.992556821352e+01
4.985000000000e+01  1.640673599155e+01 3.123575877026e+01 -1.499761489834e+00 5.007879747169e+01
4.990000000000e+01  1.795792986250e+01 3.075010368132e+01 9.956722216718e-01 4.964030795296e+01
4.995000000000e+01  1.947560968675e+01 2.989665767330e+01 3.454493439470e+00 4.861591639050e+01
5.000000000000e+01  2.094164549569e+01 2.868660341339e+01 5.847714316789e+00 4.701919140421e+01
