0.000000000000e+00  2.000000000000e+01 0.000000000000e+00 2.500000000000e+01 2.500000000000e+01
5.000000000000e-02  2.008112244489e+01 1.246867927982e+00 2.512799616362e+01 2.700257683307e+01
1.000000000000e-01  2.032340998599e+01 2.475005636846e+00 2.551148536750e+01 2.899059334306e+01
1.500000000000e-01  2.072363872776e+01 3.665930890086e+00 2.614717433771e+01 3.093466510074e+01
2.000000000000e-01  2.127648294345e+01 4.801654042719e+00 2.702841611029e+01 3.280597998068e+01
2.500000000000e-01  2.197458555655e+01 5.864916176873e+00 2.814529794907e+01 3.457667954484e+01
3.000000000000e-01  2.280865550549e+01 6.839417566922e+00 2.948477248317e+01 3.622022780521e+01
3.500000000000e-01  2.376759070298e+01 7.710033450673e+00 3.103083032866e+01 3.771176248545e+01
4.000000000000e-01  2.483862496274e+01 8.463014251072e+00 3.276471190988e+01 3.902842413284e+01
4.500000000000e-01  2.600749694925e+01 9.086167598703e+00 3.466515567730e+01 4.014965872519e+01
5.000000000000e-01  2.725863891459e+01 9.569019746202e+00 3.670867943685e+01 4.105748976778e+01
5.500000000000e-01  2.857538272464e+01 9.902954238412e+00 3.886989106769e+01 4.173675627971e+01
6.000000000000e-01  2.994018044813e+01 1.008132600313e+01 4.112182451643e+01 4.217531351989e+01
6.500000000000e-01  3.133483658916e+01 1.009954935255e+01 4.343629662110e+01 4.236419379636e+01
7.000000000000e-01  3.274074888996e+01 9.955158730866e+00 4.578428004288e+01 4.229772523086e+01
7.500000000000e-01  3.413915451699e+01 9.647841403934e+00 4.813628737001e+01 4.197360690680e+01
8.000000000000e-01  3.551137837250e+01 9.179441658591e+00 5.046276131078e+01 4.139293940614e+01
8.500000000000e-01  3.683908024514e+01 8.553936455887e+00 5.273446581177e+01 4.056021033116e+01
9.000000000000e-01  3.810449752919e+01 7.777382860520e+00 5.492287292521e+01 3.948323500260e+01
9.500000000000e-01  3.929068029991e+01 6.857837942161e+00 5.700054030576e+01 3.817305311901e+01
1.000000000000e+00  4.038171563427e+01 5.805252208707e+00 5.894147434090e+01 3.664378274500e+01
1.050000000000e+00  4.136293820829e+01 4.631337981756e+00 6.072147410918e+01 3.491243356053e+01
1.100000000000e+00  4.222112438395e+01 3.349414456225e+00 6.231845161450e+01 3.299868184286e+01
1.150000000000e+00  4.294466721720e+01 1.974231494589e+00 6.371272405842e+01 3.092461015901e+01
1.200000000000e+00  4.352373007095e+01 5.217744876479e-01 6.488727428250e+01 2.871441521356e+01
1.250000000000e+00  4.395037680006e+01 -9.909471357105e-01 6.582797593406e+01 2.639408771821e+01
1.300000000000e+00  4.421867678566e+01 -2.546124950893e+00 6.652378037552e+01 2.399106851968e+01
1.350000000000e+00  4.432478342858e+01 -4.125387153918e+00 6.696686286368e+01 2.153388553672e+01
1.400000000000e+00  4.426698506325e+01 -5.710041633525e+00 6.715272606448e+01 1.905177631108e+01
1.450000000000e+00  4.404572761815e+01 -7.281323282266e+00 6.708025953340e+01 1.657430116747e+01
1.500000000000e+00  4.366360872304e+01 -8.820642273662e+00 6.675175437410e+01 1.413095210206e+01
1.550000000000e+00  4.312534334086e+01 -1.030983001973e+01 6.617287288159e+01 1.175076257546e+01
1.600000000000e+00  4.243770137926e+01 -1.173137955389e+01 6.535257357148e+01 9.461923374113e+00
1.650000000000e+00  4.160941810717e+01 -1.306867715800e+01 6.430299258758e+01 7.291409623847e+00
1.700000000000e+00  4.065107856230e+01 -1.430622216822e+01 6.303928305725e+01 5.264623891691e+00
1.750000000000e+00  3.957497747895e+01 -1.542983205075e+01 6.157941452046e+01 3.405060099089e+00
1.800000000000e+00  3.839495659012e+01 -1.642683003351e+01 5.994393508702e+01 1.733992694305e+00
1.850000000000e+00  3.712622145697e+01 -1.728621281058e+01 5.815569946941e+01 2.701951975251e-01
1.900000000000e+00  3.578514024968e+01 -1.799879610011e+01 5.623956649065e+01 -9.703081566075e-01
1.950000000000e+00  3.438902714266e+01 -1.855733612934e+01 5.422207007016e+01 -1.974454392247e+00
2.000000000000e+00  3.295591319068e+01 -1.895662543892e+01 5.213106804197e+01 -2.732314576148e+00
2.050000000000e+00  3.150430771814e+01 -1.919356173878e+01 4.999537345270e+01 -3.237225125392e+00
2.100000000000e+00  3.005295337922e+01 -1.926718890429e+01 4.784437321880e+01 -3.485875901336e+00
2.150000000000e+00  2.862057813047e+01 -1.917870957012e+01 4.570763918961e+01 -3.478353923919e+00
2.200000000000e+00  2.722564739823e+01 -1.893146915510e+01 4.361453676361e+01 -3.218142127859e+00
2.250000000000e+00  2.588611972069e+01 -1.853091152971e+01 4.159383623729e+01 -2.712073177157e+00
2.300000000000e+00  2.461920909845e+01 -1.798450691258e+01 3.967333203002e+01 -1.970238949173e+00
2.350000000000e+00  2.344115719851e+01 -1.730165295051e+01 3.787947482433e+01 -1.005856886141e+00
2.400000000000e+00  2.236701842655e+01 -1.649355029090e+01 3.623702148952e+01 1.649050171725e-01
2.450000000000e+00  2.141046071165e+01 -1.557305429348e+01 3.476870742178e+01 1.523142273526e+00
2.500000000000e+00  2.058358463998e+01 -1.455450484354e+01 3.349494563694e+01 3.047464178135e+00
2.550000000000e+00  1.989676333103e+01 -1.345353651913e+01 3.243355659807e+01 4.714276986314e+00
2.600000000000e+00  1.935850517535e+01 -1.228687162436e+01 3.159953235342e+01 6.498096246263e+00
2.650000000000e+00  1.897534125053e+01 -1.107209882786e+01 3.100483810605e+01 8.371884153590e+00
2.700000000000e+00  1.875173890512e+01 -9.827440335805e+00 3.065825384124e+01 1.030740746301e+01
2.750000000000e+00  1.869004265433e+01 -8.571510680858e+00 3.056525810752e+01 1.227561122061e+01
2.800000000000e+00  1.879044316952e+01 -7.323070319151e+00 3.072795548937e+01 1.424700337075e+01
2.850000000000e+00  1.905097477204e+01 -6.100777296191e+00 3.114504873148e+01 1.619204514762e+01
2.900000000000e+00  1.946754146438e+01 -4.922940268191e+00 3.181185588336e+01 1.808154208515e+01
2.950000000000e+00  2.003397115436e+01 -3.807276147294e+00 3.272037223753e+01 1.988703047046e+01
3.000000000000e+00  2.074209735455e+01 -2.770675578050e+00 3.385937624150e+01 2.158115412676e+01
3.050000000000e+00  2.158186727591e+01 -1.828979348807e+00 3.521457798200e+01 2.313802653913e+01
3.100000000000e+00  2.254147488491e+01 -9.967686970013e-01 3.676880827627e+01 2.453357353092e+01
3.150000000000e+00  2.360751716347e+01 -2.871722834325e-01 3.850224586819e+01 2.574585195585e+01
3.200000000000e+00  2.476517150362e+01 2.883076099602e-01 4.039267972230e+01 2.675534018806e+01
3.250000000000e+00  2.599839188933e+01 7.199473587310e-01 4.241580294474e+01 2.754519656596e+01
3.300000000000e+00  2.729012126921e+01 9.999307357124e-01 4.454553444114e+01 2.810148236948e+01
3.350000000000e+00  2.862251730949e+01 1.122452408208e+00 4.675436405485e+01 2.841334637996e+01
3.400000000000e+00  2.997718853979e+01 1.083794822916e+00 4.901371661780e+01 2.847316858012e+01
3.450000000000e+00  3.133543776638e+01 8.823774610781e-01 5.129433009622e+01 2.827666109244e+01
3.500000000000e+00  3.267850953171e+01 5.187778120280e-01 5.356664282680e+01 2.782292502009e+01
3.550000000000e+00  3.398783834529e+01 -4.276212445402e-03 5.580118471865e+01 2.711446243826e+01
3.600000000000e+00  3.524529440083e+01 -6.819423225163e-01 5.796896724391e+01 2.615714337709e+01
3.650000000000e+00  3.643342352781e+01 -1.507327876519e+00 6.004186705575e+01 2.496012823315e+01
3.700000000000e+00  3.753567820201e+01 -2.471581041598e+00 6.199299815714e+01 2.353574663644e+01
3.750000000000e+00  3.853663655777e+01 -3.564007882400e+00 6.379706769502e+01 2.189933437574e+01
3.800000000000e+00  3.942220650353e+01 -4.772213828243e+00 6.543071067127e+01 2.006903054061e+01
3.850000000000e+00  4.017981223954e+01 -6.082267646603e+00 6.687279914094e+01 1.806553756465e+01
3.900000000000e+00  4.079856070916e+01 -7.478885752888e+00 6.810472180592e+01 1.591184734543e+01
3.950000000000e+00  4.126938578109e+01 -8.945634417346e+00 6.911063030366e+01 1.363293706591e+01
4.000000000000e+00  4.158516825433e+01 -1.046514719310e+01 6.987764893188e+01 1.125543874255e+01
4.050000000000e+00  4.174083009783e+01 -1.201935468788e+01 7.039604503346e+01 8.807286873527e+00
4.100000000000e+00  4.173340167756e+01 -1.358972363866e+01 7.065935778693e+01 6.317348849944e+00
4.150000000000e+00  4.156206108132e+01 -1.515750212522e+01 7.066448369787e+01 3.815043021217e+00
4.200000000000e+00  4.122814502097e+01 -1.670396767764e+01 7.041171766007e+01 1.329949469164e+00
4.250000000000e+00  4.073513116768e+01 -1.821067499409e+01 6.990474904290e+01 -1.108581358215e+00
4.300000000000e+00  4.008859215408e+01 -1.965969999071e+01 6.915061285673e+01 -3.471816973917e+00
4.350000000000e+00  3.929612185194e+01 -2.103387695388e+01 6.815959664265e+01 -5.732023000974e+00
4.400000000000e+00  3.836723490109e+01 -2.231702565629e+01 6.694510431877e+01 -7.862830112440e+00
4.450000000000e+00  3.731324081924e+01 -2.349416543125e+01 6.552347878484e+01 -9.839582906267e+00
4.500000000000e+00  3.614709435860e+01 -2.455171337216e+01 6.391378563300e+01 -1.163966609806e+01
4.550000000000e+00  3.488322408986e+01 -2.547766403414e+01 6.213756082690e+01 -1.324280371488e+01
4.600000000000e+00  3.353734148192e+01 -2.626174825973e+01 6.021852568846e+01 -1.463132733057e+01
4.650000000000e+00  3.212623300399e+01 -2.689556902662e+01 5.818227296414e+01 -1.579040979279e+01
4.700000000000e+00  3.066753800154e+01 -2.737271251982e+01 5.605592812532e+01 -1.670826134862e+01
4.750000000000e+00  2.917951528548e+01 -2.768883295815e+01 5.386779038505e+01 -1.737628557316e+01
4.800000000000e+00  2.768080152368e+01 -2.784171005248e+01 5.164695818215e+01 -1.778919303774e+01
4.850000000000e+00  2.619016463221e+01 -2.783127833550e+01 4.942294408875e+01 -1.794507121316e+01
4.900000000000e+00  2.472625542992e+01 -2.765962797462e+01 4.722528423782e+01 -1.784540968324e+01
4.950000000000e+00  2.330736084300e+01 -2.733097705746e+01 4.508314743935e+01 -1.749508033464e+01
5.000000000000e+00  2.195116192553e+01 -2.685161571654e+01 4.302494915818e+01 -1.690227278542e+01
5.050000000000e+00  2.067449989845e+01 -2.622982283275e+01 4.107797546221e+01 -1.607838590671e+01
5.100000000000e+00  1.949315330318e+01 -2.547575641988e+01 3.926802191746e+01 -1.503787687310e+01
5.150000000000e+00  1.842162921898e+01 -2.460131914085e+01 3.761905220897e+01 -1.379806973954e+01
5.200000000000e+00  1.747297130711e+01 -2.362000073551e+01 3.615288100535e+01 -1.237892607794e+01
5.250000000000e+00  1.665858722216e+01 -2.254669944515e+01 3.488888526385e+01 -1.080278070885e+01
5.300000000000e+00  1.598809767459e+01 -2.139752479714e+01 3.384374779669e+01 -9.094046025672e+00
5.350000000000e+00  1.546920914182e+01 -2.018958435953e+01 3.303123649209e+01 -7.278888824239e+00
5.400000000000e+00  1.510761191271e+01 -1.894075728787e+01 3.246202211199e+01 -5.384883914696e+00
5.450000000000e+00  1.490690481444e+01 -1.766945766088e+01 3.214353707762e+01 -3.440649099742e+00
5.500000000000e+00  1.486854761807e+01 -1.639439073722e+01 3.207987711166e+01 -1.475466349936e+00
5.550000000000e+00  1.499184175259e+01 -1.513430535894e+01 3.227174703891e+01 4.811058105539e-01
5.600000000000e+00  1.527393958282e+01 -1.390774577833e+01 3.271645146245e+01 2.399623578086e+00
5.650000000000e+00  1.570988212819e+01 -1.273280619246e+01 3.340793043890e+01 4.251147625432e+00
5.700000000000e+00  1.629266472331e+01 -1.162689123399e+01 3.433683968053e+01 6.007626181395e+00
5.750000000000e+00  1.701332975144e+01 -1.060648558778e+01 3.549067422286e+01 7.642266364469e+00
5.800000000000e+00  1.786108522355e+01 -9.686935782332e+00 3.685393392120e+01 9.129888856336e+00
5.850000000000e+00  1.882344763364e+01 -8.882247043738e+00 3.840832858577e+01 1.044726122142e+01
5.900000000000e+00  1.988640719995e+01 -8.204897900593e+00 4.013302004085e+01 1.157340546137e+01
5.950000000000e+00  2.103461330507e+01 -7.665674993424e+00 4.200489790442e+01 1.248987573430e+01
6.000000000000e+00  2.225157768094e+01 -7.273530274720e+00 4.399888543868e+01 1.318100256341e+01
6.050000000000e+00  2.351989264975e+01 -7.035462489415e+00 4.608827142374e+01 1.363410030321e+01
6.100000000000e+00  2.482146153260e+01 -6.956424504280e+00 4.824506366262e+01 1.383963511762e+01
6.150000000000e+00  2.613773817657e+01 -7.039257712656e+00 5.044035943911e+01 1.379135124707e+01
6.200000000000e+00  2.744997243042e+01 -7.284654382587e+00 5.264472802596e+01 1.348635389345e+01
6.250000000000e+00  2.873945832026e+01 -7.691148446663e+00 5.482860018124e+01 1.292514762608e+01
6.300000000000e+00  2.998778164082e+01 -8.255134855449e+00 5.696265947832e+01 1.211162980043e+01
6.350000000000e+00  3.117706368563e+01 -8.970917238367e+00 5.901823029057e+01 1.105303907665e+01
6.400000000000e+00  3.229019789079e+01 -9.830783241317e+00 6.096765729616e+01 9.759859719266e+00
6.450000000000e+00  3.331107626032e+01 -1.082510654399e+01 6.278467148074e+01 8.245682944496e+00
6.500000000000e+00  3.422480257678e+01 -1.194247420677e+01 6.444473779414e+01 6.527027150110e+00
6.550000000000e+00  3.501788957550e+01 -1.316983766199e+01 6.592537986032e+01 4.623119406964e+00
6.600000000000e+00  3.567843747287e+01 -1.449268535123e+01 6.720647744335e+01 2.555641103882e+00
6.650000000000e+00  3.619629148626e+01 -1.589523472399e+01 6.827053273272e+01 3.484411120549e-01
6.700000000000e+00  3.656317626083e+01 -1.736064105694e+01 6.910290192397e+01 -1.972779735074e+00
6.750000000000e+00  3.677280542416e+01 -1.887122033010e+01 6.969198902994e+01 -4.380808670849e+00
6.800000000000e+00  3.682096481908e+01 -2.040868321042e+01 7.002939935771e+01 -6.847281033428e+00
6.850000000000e+00  3.670556831296e+01 -2.195437704638e+01 7.011005062013e+01 -9.343055548051e+00
6.900000000000e+00  3.642668544500e+01 -2.348953267085e+01 6.993224021148e+01 -1.183859988707e+01
6.950000000000e+00  3.598654054560e+01 -2.499551274612e+01 6.949766775695e+01 -1.430438140526e+01
7.000000000000e+00  3.538948333956e+01 -2.645405836456e+01 6.881141263755e+01 -1.671125787938e+01
7.050000000000e+00  3.464193142192e+01 -2.784753064127e+01 6.788186678778e+01 -1.903086308103e+01
7.100000000000e+00  3.375228536800e+01 -2.915914410161e+01 6.672062365554e+01 -2.123598208002e+01
7.150000000000e+00  3.273081760084e+01 -3.037318877490e+01 6.534232479375e+01 -2.330091131161e+01
7.200000000000e+00  3.158953648691e+01 -3.147523805505e+01 6.376446611382e+01 -2.520179864237e+01
7.250000000000e+00  3.034202745854e+01 -3.245233957748e+01 6.200716636510e+01 -2.691695893438e+01
7.300000000000e+00  2.900327326578e+01 -3.329318658603e+01 6.009290090416e+01 -2.842716093150e+01
7.350000000000e+00  2.758945573638e+01 -3.398826752216e+01 5.804620427734e+01 -2.971588167106e+01
7.400000000000e+00  2.611774166735e+01 -3.452999185676e+01 5.589334555241e+01 -3.076952505410e+01
7.450000000000e+00  2.460605568178e+01 -3.491279049925e+01 5.366198069613e+01 -3.157760168175e+01
7.500000000000e+00  2.307284305682e+01 -3.513318945516e+01 5.138078659809e+01 -3.213286757747e+01
7.550000000000e+00  2.153682566146e+01 -3.518985575752e+01 4.907908158421e+01 -3.243141995971e+01
7.600000000000e+00  2.001675423427e+01 -3.508361506408e+01 4.678643744188e+01 -3.247274879721e+01
7.650000000000e+00  1.853116027919e+01 -3.481744068753e+01 4.453228809140e+01 -3.225974346483e+01
7.700000000000e+00  1.709811086300e+01 -3.439641420389e+01 4.234554008241e+01 -3.179865441180e+01
7.750000000000e+00  1.573496955932e+01 -3.382765816043e+01 4.025419007002e+01 -3.109901034963e+01
7.800000000000e+00  1.445816670288e+01 -3.312024177354e+01 3.828495433303e+01 -3.017349205573e+01
7.850000000000e+00  1.328298199447e+01 -3.228506086472e+01 3.646291523708e+01 -2.903776446267e+01
7.900000000000e+00  1.222334233365e+01 -3.133469362345e+01 3.481118932157e+01 -2.771026925530e+01
7.950000000000e+00  1.129163755462e+01 -3.028323410588e+01 3.335062140271e+01 -2.621198072060e+01
8.000000000000e+00  1.049855650378e+01 -2.914610567278e+01 3.209950874111e+01 -2.456612808108e+01
8.050000000000e+00  9.852945628464e+00 -2.793985683574e+01 3.107335892420e+01 -2.279788798669e+01
8.100000000000e+00  9.361691948095e+00 -2.668194221335e+01 3.028468466758e+01 -2.093405123454e+01
8.150000000000e+00  9.029631956683e+00 -2.539049149620e+01 2.974283825107e+01 -1.900266812719e+01
8.200000000000e+00  8.859487662137e+00 -2.408406947827e+01 2.945388778036e+01 -1.703267716287e+01
8.250000000000e+00  8.851830608898e+00 -2.278143033036e+01 2.942053691192e+01 -1.505352197145e+01
8.300000000000e+00  9.005074359999e+00 -2.150126936760e+01 2.964208910345e+01 -1.309476156564e+01
8.350000000000e+00  9.315495538041e+00 -2.026197559606e+01 3.011445686311e+01 -1.118567906548e+01
8.400000000000e+00  9.777283146639e+00 -1.908138831331e+01 3.083021587491e+01 -9.354894074059e+00
8.450000000000e+00  1.038261551959e+01 -1.797656098412e+01 3.177870328418e+01 -7.629983834485e+00
8.500000000000e+00  1.112176387947e+01 -1.696353551604e+01 3.294615884225e+01 -6.037118181557e+00
8.550000000000e+00  1.198322113505e+01 -1.605712992223e+01 3.431590704254e+01 -4.600713119285e+00
8.600000000000e+00  1.295385421322e+01 -1.527074218151e+01 3.586857783760e+01 -3.343107608763e+00
8.650000000000e+00  1.401907790921e+01 -1.461617289143e+01 3.758236301612e+01 -2.284267843803e+00
8.700000000000e+00  1.516304795462e+01 -1.410346906127e+01 3.943330484714e+01 -1.441522927952e+00
8.750000000000e+00  1.636887074801e+01 -1.374079111235e+01 4.139561317134e+01 -8.293354509148e-01
8.800000000000e+00  1.761882697255e+01 -1.353430484558e+01 4.344200674321e+01 -4.591100006092e-01
8.850000000000e+00  1.889460614142e+01 -1.348809980616e+01 4.554407430670e+01 -3.390421449760e-01
8.900000000000e+00  2.017754896688e+01 -1.360413512561e+01 4.767265062585e+01 -4.740098821349e-01
8.950000000000e+00  2.144889434556e+01 -1.388221355799e+01 4.979820249403e+01 -8.655089954292e-01
9.000000000000e+00  2.269002769143e+01 -1.431998405380e+01 5.189121961343e+01 -1.511633168873e+00
9.050000000000e+00  2.388272732982e+01 -1.491297283763e+01 5.392260517175e+01 -2.407099126154e+00
9.100000000000e+00  2.500940569195e+01 -1.565464257811e+01 5.586406094731e+01 -3.543316460498e+00
9.150000000000e+00  2.605334211784e+01 -1.653647886732e+01 5.768846184606e+01 -4.908501231284e+00
9.200000000000e+00  2.699890418670e+01 -1.754810286494e+01 5.937021491393e+01 -6.487831824051e+00
9.250000000000e+00  2.783175464579e+01 -1.867740861665e+01 6.088559807319e+01 -8.263645011264e+00
9.300000000000e+00  2.853904119924e+01 -1.991072322932e+01 6.221307410024e+01 -1.021566961917e+01
9.350000000000e+00  2.910956664502e+01 -2.123298778337e+01 6.333357568935e+01 -1.232129470842e+01
9.400000000000e+00  2.953393710876e+01 -2.262795658802e+01 6.423075783014e+01 -1.455586871925e+01
9.450000000000e+00  2.980468641234e+01 -2.407841214253e+01 6.489121415850e+01 -1.689302562258e+01
9.500000000000e+00  2.991637493164e+01 -2.556639295858e+01 6.530465441809e+01 -1.930503376042e+01
9.550000000000e+00  2.986566163508e+01 -2.707343122893e+01 6.546404068362e+01 -2.176316275936e+01
9.600000000000e+00  2.965134834944e+01 -2.858079719683e+01 6.536568054335e+01 -2.423806366112e+01
9.650000000000e+00  2.927439566748e+01 -3.006974699244e+01 6.500927600746e+01 -2.670015723979e+01
9.700000000000e+00  2.873791028643e+01 -3.152177065622e+01 6.439792749518e+01 -2.912002536657e+01
9.750000000000e+00  2.804710394528e+01 -3.291883706703e+01 6.353809284778e+01 -3.146880024280e+01
9.800000000000e+00  2.720922450405e+01 -3.424363253352e+01 6.243950190998e+01 -3.371854635007e+01
9.850000000000e+00  2.623346007722e+01 -3.547978989136e+01 6.111502781009e+01 -3.584263006290e+01
9.900000000000e+00  2.513081749006e+01 -3.661210507439e+01 5.958051664244e+01 -3.781607203228e+01
9.950000000000e+00  2.391397666629e+01 -3.762673829359e+01 5.785457780603e+01 -3.961587767680e+01
1.000000000000e+01  2.259712287415e+01 -3.851139716147e+01 5.595833777409e+01 -4.122134140758e+01
1.005000000000e+01  2.119575905088e+01 -3.925549933846e+01 5.391516055313e+01 -4.261432056101e+01
1.010000000000e+01  1.972650068940e+01 -3.985031254878e+01 5.175033853096e+01 -4.377947541387e+01
1.015000000000e+01  1.820685600159e+01 -4.028907011283e+01 4.949075780499e+01 -4.470447210466e+01
1.020000000000e+01  1.665499426744e+01 -4.056706046726e+01 4.716454241980e+01 -4.538014577566e+01
1.025000000000e+01  1.508950543590e+01 -4.068168948776e+01 4.480068222218e+01 -4.580062177655e+01
1.030000000000e+01  1.352915415863e+01 -4.063251479011e+01 4.242864925865e+01 -4.596339332581e+01
1.035000000000e+01  1.199263151204e+01 -4.042125155528e+01 4.007800779194e+01 -4.586935460196e+01
1.040000000000e+01  1.049830769307e+01 -4.005174980167e+01 3.777802309758e+01 -4.552278882681e+01
1.045000000000e+01  9.063988961696e+00 -3.952994340520e+01 3.555727421766e+01 -4.493131149835e+01
1.050000000000e+01  7.706682046734e+00 -3.886377154187e+01 3.344327579673e+01 -4.410576952462e+01
1.055000000000e+01  6.442369132769e+00 -3.806307359253e+01 3.146211400428e+01 -4.306009759343e+01
1.060000000000e+01  5.285796406066e+00 -3.713945890065e+01 2.963810136222e+01 -4.181113367857e+01
1.065000000000e+01  4.250278957814e+00 -3.610615310666e+01 2.799345504505e+01 -4.037839612439e+01
1.070000000000e+01  3.347524626632e+00 -3.497782309250e+01 2.654800291048e+01 -3.878382525853e+01
1.075000000000e+01  2.587479111583e+00 -3.377038285318e+01 2.531892115056e+01 -3.705149295248e+01
1.080000000000e+01  1.978194405485e+00 -3.250078286420e+01 2.432050703536e+01 -3.520728397358e+01
1.085000000000e+01  1.525722289652e+00 -3.118678573262e+01 2.356398975684e+01 -3.327855334544e+01
1.090000000000e+01  1.234034299568e+00 -2.984673110059e+01 2.305738187590e+01 -3.129376425134e+01
1.095000000000e+01  1.104969220655e+00 -2.849929291277e+01 2.280537333885e+01 -2.928211127247e+01
1.100000000000e+01  1.138208808976e+00 -2.716323225977e+01 2.280926946574e+01 -2.727313394725e+01
1.105000000000e+01  1.331282058189e+00 -2.585714906875e+01 2.306697373117e+01 -2.529632576568e+01
1.110000000000e+01  1.679597956267e+00 -2.459923592704e+01 2.357301556558e+01 -2.338074377351e+01
1.115000000000e+01  2.176506298496e+00 -2.340703729682e+01 2.431862280898e+01 -2.155462395250e+01
1.120000000000e+01  2.813385751933e+00 -2.229721730743e+01 2.529183785836e+01 -1.984500746705e+01
1.125000000000e+01  3.579758005892e+00 -2.128533919820e+01 2.647767597161e+01 -1.827738272326e+01
1.130000000000e+01  4.463426497780e+00 -2.038565933083e+01 2.785832363298e+01 -1.687534797756e+01
1.135000000000e+01  5.450637878386e+00 -1.961093849726e+01 2.941337435492e+01 -1.566029895980e+01
1.140000000000e+01  6.526264079790e+00 -1.897227302017e+01 3.112009879568e+01 -1.465114564497e+01
1.145000000000e+01  7.674002576407e+00 -1.847894788142e+01 3.295374561794e+01 -1.386406192159e+01
1.150000000000e+01  8.876592188908e+00 -1.813831382194e+01 3.488786910695e+01 -1.331227146988e+01
1.155000000000e+01  1.011604157507e+01 -1.795569003981e+01 3.689467921235e+01 -1.300587268319e+01
1.160000000000e+01  1.137386738368e+01 -1.793429377390e+01 3.894540938140e+01 -1.295170494981e+01
1.165000000000e+01  1.263133891988e+01 -1.807519770526e+01 4.101069731558e+01 -1.315325806474e+01
1.170000000000e+01  1.386972608379e+01 -1.837731573978e+01 4.306097361165e+01 -1.361062597029e+01
1.175000000000e+01  1.507054730157e+01 -1.883741736040e+01 4.506685314392e+01 -1.432050543767e+01
1.180000000000e+01  1.621581416743e+01 -1.945017035888e+01 4.699952400823e+01 -1.527623970703e+01
1.185000000000e+01  1.728826955921e+01 -2.020821138167e+01 4.883112888022e+01 -1.646790650848e+01
1.190000000000e+01  1.827161607631e+01 -2.110224335619e+01 5.053513374111e+01 -1.788244929908e+01
1.195000000000e+01  1.915073177665e+01 -2.212115850824e+01 5.208667909125e+01 -1.950384997919e+01
1.200000000000e+01  1.991187035788e+01 -2.325218534258e+01 5.346290900344e+01 -2.131334080229e+01
1.205000000000e+01  2.054284313330e+01 -2.448105764136e+01 5.464327366138e+01 -2.328965267400e+01
1.210000000000e+01  2.103318039454e+01 -2.579220324415e+01 5.560980137943e+01 -2.540929655418e+01
1.215000000000e+01  2.137427002533e+01 -2.716895011092e+01 5.634733650379e+01 -2.764687423813e+01
1.220000000000e+01  2.155947153199e+01 -2.859374694128e+01 5.684374004666e+01 -2.997541440398e+01
1.225000000000e+01  2.158420398158e+01 -3.004839543005e+01 5.709005039832e+01 -3.236672947907e+01
1.230000000000e+01  2.144600668398e+01 -3.151429108559e+01 5.708060199009e+01 -3.479178860242e+01
1.235000000000e+01  2.114457181471e+01 -3.297266942390e+01 5.681310033790e+01 -3.722110174770e+01
1.240000000000e+01  2.068174854685e+01 -3.440485428040e+01 5.628865247337e+01 -3.962510992305e+01
1.245000000000e+01  2.006151863741e+01 -3.579250495311e+01 5.551175235958e+01 -4.197457628399e+01
1.250000000000e+01  1.928994379110e+01 -3.711785890665e+01 5.449022148456e+01 -4.424097298328e+01
1.255000000000e+01  1.837508549826e+01 -3.836396682515e+01 5.323510541873e+01 -4.639685863833e+01
1.260000000000e+01  1.732689840767e+01 -3.951491690316e+01 5.176052770526e+01 -4.841624142067e+01
1.265000000000e+01  1.615709864544e+01 -4.055604540666e+01 5.008350301686e+01 -5.027492296232e+01
1.270000000000e+01  1.487900882257e+01 -4.147413071719e+01 4.822371205180e+01 -5.195081852791e+01
1.275000000000e+01  1.350738178239e+01 -4.225756829150e+01 4.620324114808e+01 -5.342424921537e+01
1.280000000000e+01  1.205820542047e+01 -4.289652422106e+01 4.404629006182e+01 -5.467820231810e+01
1.285000000000e+01  1.054849115982e+01 -4.338306535929e+01 4.177885177700e+01 -5.569855640315e+01
1.290000000000e+01  8.996048880915e+00 -4.371126429451e+01 3.942836858396e+01 -5.647426812667e+01
1.295000000000e+01  7.419251284979e+00 -4.387727777919e+01 3.702336897828e+01 -5.699751831425e+01
1.300000000000e+01  5.836790808985e+00 -4.387939757782e+01 3.459309018505e+01 -5.726381537299e+01
1.305000000000e+01  4.267432309361e+00 -4.371807306024e+01 3.216709130427e+01 -5.727205466686e+01
1.310000000000e+01  2.729764787369e+00 -4.339590524164e+01 2.977486219686e+01 -5.702453306925e+01
1.315000000000e+01  1.241955441822e+00 -4.291761234794e+01 2.744543328739e+01 -5.652691850058e+01
1.320000000000e+01  -1.784906959820e-01 -4.228996736238e+01 2.520699144728e+01 -5.578817485367e+01
1.325000000000e+01  -1.514962364151e+00 -4.152170837973e+01 2.308650704199e+01 -5.482044330072e+01
1.330000000000e+01  -2.751961843869e+00 -4.062342295458e+01 2.110937707773e+01 -5.363888155257e+01
1.335000000000e+01  -3.875309996384e+00 -3.960740797420e+01 1.929908917041e+01 -5.226146319745e+01
1.340000000000e+01  -4.872333849846e+00 -3.848750691041e+01 1.767691078374e+01 -5.070873977484e+01
1.345000000000e+01  -5.732034253486e+00 -3.727892660428e+01 1.626160784914e+01 -4.900356873315e+01
1.350000000000e+01  -6.445231380387e+00 -3.599803600832e+01 1.506919649134e+01 -4.717081087137e+01
1.355000000000e+01  -7.004686153288e+00 -3.466214954966e+01 1.411273114512e+01 -4.523700126880e+01
1.360000000000e+01  -7.405195986458e+00 -3.328929798106e+01 1.340213186744e+01 -4.322999805781e+01
1.365000000000e+01  -7.643663576596e+00 -3.189798975249e+01 1.294405313023e+01 -4.117861368761e+01
1.370000000000e+01  -7.719137832403e+00 -3.050696606110e+01 1.274179583020e+01 -3.911223355917e+01
1.375000000000e+01  -7.632826401130e+00 -2.913495282143e+01 1.279526368019e+01 -3.706042707794e+01
1.380000000000e+01  -7.388079626363e+00 -2.780041283809e+01 1.310096455916e+01 -3.505255627195e+01
1.385000000000e+01  -6.990346149329e+00 -2.652130146083e+01 1.365205680290e+01 -3.311738715474e+01
1.390000000000e+01  -6.447100741310e+00 -2.531482895557e+01 1.443843982291e+01 -3.128270897635e+01
1.395000000000e+01  -5.767745322216e+00 -2.419723273619e+01 1.544688785414e+01 -2.957496640117e+01
1.400000000000e+01  -4.963484475267e+00 -2.318356247132e+01 1.666122506169e+01 -2.801890948050e+01
1.405000000000e+01  -4.047177105187e+00 -2.228748091012e+01 1.806253968884e+01 -2.663726605195e+01
1.410000000000e+01  -3.033166203109e+00 -2.152108306283e+01 1.962943441277e+01 -2.545044090127e+01
1.415000000000e+01  -1.937088971044e+00 -2.089473612910e+01 2.133830959435e+01 -2.447624566785e+01
1.420000000000e+01  -7.756698187531e-01 -2.041694229248e+01 2.316367567374e+01 -2.372966306827e+01
1.425000000000e+01  4.335010275021e-01 -2.009422619680e+01 2.507849057752e+01 -2.322264855824e+01
1.430000000000e+01  1.672200374447e+00 -1.993104859370e+01 2.705451767197e+01 -2.296397205770e+01
1.435000000000e+01  2.921813287979e+00 -1.992974730390e+01 2.906269952548e+01 -2.295910183372e+01
1.440000000000e+01  4.163579503669e+00 -2.009050627377e+01 3.107354253369e+01 -2.321013207784e+01
1.445000000000e+01  5.378841760577e+00 -2.041135313644e+01 3.305750731718e+01 -2.371575513631e+01
1.450000000000e+01  6.549292771939e+00 -2.088818530999e+01 3.498539972525e+01 -2.447127876076e+01
1.455000000000e+01  7.657217564306e+00 -2.151482428710e+01 3.682875727120e+01 -2.546868815101e+01
1.460000000000e+01  8.685727978031e+00 -2.228309739790e+01 3.856022588504e+01 -2.669675196889e+01
1.465000000000e+01  9.618986225712e+00 -2.318294596374e+01 4.015392199771e+01 -2.814117092013e+01
1.470000000000e+01  1.044241455003e+01 -2.420255841082e+01 4.158577516499e+01 -2.978476693797e+01
1.475000000000e+01  1.114288820636e+01 -2.532852658190e+01 4.283384669670e+01 -3.160771046487e+01
1.480000000000e+01  1.170890921624e+01 -2.654602317745e+01 4.387862007466e+01 -3.358778282443e+01
1.485000000000e+01  1.213075859222e+01 -2.783899797805e+01 4.470325931585e+01 -3.570067021128e+01
1.490000000000e+01  1.240062501957e+01 -2.919039025129e+01 4.529383186163e+01 -3.792028540839e+01
1.495000000000e+01  1.251270829184e+01 -3.058235453200e+01 4.563949304336e+01 -4.021911297402e+01
1.500000000000e+01  1.246329613149e+01 -3.199649678797e+01 4.573262968317e+01 -4.256857333026e+01
1.505000000000e+01  1.225081337881e+01 -3.341411784575e+01 4.556896092938e+01 -4.493940093479e+01
1.510000000000e+01  1.187584289831e+01 -3.481646085494e+01 4.514759499236e+01 -4.730203153102e+01
1.515000000000e+01  1.134111792577e+01 -3.618495951615e+01 4.447104102963e+01 -4.962699335194e+01
1.520000000000e+01  1.065148595732e+01 -3.750148378742e+01 4.354517602325e+01 -5.188529710028e+01
1.525000000000e+01  9.813844658422e+00 -3.874857981766e+01 4.237916708761e+01 -5.404881954419e+01
1.530000000000e+01  8.837050640929e+00 -3.990970093157e+01 4.098535023597e+01 -5.609067565178e+01
1.535000000000e+01  7.731802315414e+00 -4.096942660935e+01 3.937906720999e+01 -5.798557433977e+01
1.540000000000e+01  6.510498369189e+00 -4.191366656324e+01 3.757846253174e+01 -5.971015312829e+01
1.545000000000e+01  5.187073742854e+00 -4.272984720999e+01 3.560424346405e+01 -6.124328727299e+01
1.550000000000e+01  3.776815276073e+00 -4.340707807170e+01 3.347940605571e+01 -6.256636928332e+01
1.555000000000e+01  2.296159462327e+00 -4.393629590264e+01 3.122893089725e+01 -6.366355512807e+01
1.560000000000e+01  7.624749891423e-01 -4.431038463493e+01 2.887945261345e+01 -6.452197386961e+01
1.565000000000e+01  -8.061670583301e-01 -4.452426955548e+01 2.645890746675e+01 -6.513189795278e+01
1.570000000000e+01  -2.391232289278e+00 -4.457498446809e+01 2.399616373487e+01 -6.548687189465e+01
1.575000000000e+01  -3.973968230580e+00 -4.446171095162e+01 2.152063975458e+01 -6.558379767217e+01
1.580000000000e+01  -5.535652436275e+00 -4.418578919499e+01 1.906191468606e+01 -6.542297567764e+01
1.585000000000e+01  -7.057840199662e+00 -4.375070026533e+01 1.664933714930e+01 -6.500810070011e+01
1.590000000000e+01  -8.522608589818e+00 -4.316202004418e+01 1.431163691160e+01 -6.434621298569e+01
1.595000000000e+01  -9.912793582952e+00 -4.242734544122e+01 1.207654476528e+01 -6.344760502468e+01
1.600000000000e+01  -1.121221715042e+01 -4.155619386196e+01 9.970425625979e+00 -6.232568529886e+01
1.605000000000e+01  -1.240590129808e+01 -4.055987726011e+01 8.017929707243e+00 -6.099680079234e+01
1.610000000000e+01  -1.348026622446e+01 -3.945135244100e+01 6.241666387656e+00 -5.948002061471e+01
1.615000000000e+01  -1.442330997524e+01 -3.824504959757e+01 4.661905086605e+00 -5.779688360004e+01
1.620000000000e+01  -1.522476721659e+01 -3.695668134776e+01 3.296307107272e+00 -5.597111322208e+01
1.625000000000e+01  -1.587624502604e+01 -3.560303480064e+01 2.159691995623e+00 -5.402830359837e+01
1.630000000000e+01  -1.637133390400e+01 -3.420174940307e+01 1.263841507413e+00 -5.199558073883e+01
1.635000000000e+01  -1.670569253663e+01 -3.277108350686e+01 6.173437774912e-01 -4.990124352164e+01
1.640000000000e+01  -1.687710518844e+01 -3.132967274564e+01 2.254797536697e-01 -4.777438914798e+01
1.645000000000e+01  -1.688551096498e+01 -2.989628341912e+01 9.015339808380e-02 -4.564452803218e+01
1.650000000000e+01  -1.673300455852e+01 -2.848956414844e+01 2.098665797546e-01 -4.354119322391e+01
1.655000000000e+01  -1.642380846666e+01 -2.712779908918e+01 5.797389906226e-01 -4.149354953131e+01
1.660000000000e+01  -1.596421705168e+01 -2.582866596808e+01 1.191572821479e+00 -3.953000751789e+01
1.665000000000e+01  -1.536251318085e+01 -2.460900214549e+01 2.033961341869e+00 -3.767784748156e+01
1.670000000000e+01  -1.462885855102e+01 -2.348458179960e+01 3.092439947022e+00 -3.596285839212e+01
1.675000000000e+01  -1.377515914873e+01 -2.246990718108e+01 4.349677672846e+00 -3.440899656540e+01
1.680000000000e+01  -1.281490762656e+01 -2.157801670076e+01 5.785706644471e+00 -3.303806859130e+01
1.685000000000e+01  -1.176300468154e+01 -2.082031239009e+01 7.378186421833e+00 -3.186944271164e+01
1.690000000000e+01  -1.063556179962e+01 -2.020640901769e+01 9.102699743925e+00 -3.091979246773e+01
1.695000000000e+01  -9.449687976632e+00 -1.974400685890e+01 1.093307575785e+01 -3.020287600992e+01
1.700000000000e+01  -8.223263238218e+00 -1.943878980202e+01 1.284173645508e+01 -2.972935399003e+01
1.705000000000e+01  -6.974701956104e+00 -1.929435013966e+01 1.480006173008e+01 -2.950664844647e+01
1.710000000000e+01  -5.722709092862e+00 -1.931214104070e+01 1.677876823033e+01 -2.953884454958e+01
1.715000000000e+01  -4.486032601084e+00 -1.949145733155e+01 1.874829698376e+01 -2.982663650769e+01
1.720000000000e+01  -3.283215253694e+00 -1.982944484134e+01 2.067920467396e+01 -3.036731834946e+01
1.725000000000e+01  -2.132349189688e+00 -2.032113818714e+01 2.254255338495e+01 -3.115481970478e+01
1.730000000000e+01  -1.050836423634e+00 -2.095952649934e+01 2.431029365758e+01 -3.217978611052e+01
1.735000000000e+01  -5.515848835125e-02 -2.173564621723e+01 2.595563578831e+01 -3.342970277842e+01
1.740000000000e+01  8.393417406772e-01 -2.263869972679e+01 2.745340445643e+01 -3.488906018724e+01
1.745000000000e+01  1.618663151831e+00 -2.365619827069e+01 2.878037198682e+01 -3.653955930758e+01
1.750000000000e+01  2.270331746900e+00 -2.477412723911e+01 2.991556583758e+01 -3.836035374356e+01
1.755000000000e+01  2.783565780745e+00 -2.597713165401e+01 3.084054624348e+01 -4.032832558682e+01
1.760000000000e+01  3.149418505605e+00 -2.724871939210e+01 3.153965034072e+01 -4.241839133215e+01
1.765000000000e+01  3.360896630972e+00 -2.857147945717e+01 3.200019954239e+01 -4.460383380627e+01
1.770000000000e+01  3.413052931355e+00 -2.992731241293e+01 3.221266742009e+01 -4.685665571710e+01
1.775000000000e+01  3.303051776328e+00 -3.129766992711e+01 3.217080587010e+01 -4.914795014456e+01
1.780000000000e+01  3.030206715671e+00 -3.266380025642e+01 3.187172789431e+01 -5.144828306981e+01
1.785000000000e+01  2.595989622178e+00 -3.400699642387e+01 3.131594590042e+01 -5.372808288070e+01
1.790000000000e+01  2.004011271149e+00 -3.530884380382e+01 3.050736501461e+01 -5.595803169848e+01
1.795000000000e+01  1.259973613572e+00 -3.655146383845e+01 2.945323149501e+01 -5.810945334717e+01
1.800000000000e+01  3.715943746023e-01 -3.771775066015e+01 2.816403692892e+01 -6.015469283111e+01
1.805000000000e+01  -6.514950247799e-01 -3.879159748848e+01 2.665337948135e+01 -6.206748229863e+01
1.810000000000e+01  -1.797876872047e+00 -3.975810980545e+01 2.493778403133e+01 -6.382328864884e+01
1.815000000000e+01  -3.054498207263e+00 -4.060380248809e+01 2.303648357621e+01 -6.539963818114e+01
1.820000000000e+01  -4.406843508167e+00 -4.131677828934e+01 2.097116479685e+01 -6.677641399119e+01
1.825000000000e+01  -5.839126730893e+00 -4.188688530530e+01 1.876568115091e+01 -6.793612217749e+01
1.830000000000e+01  -7.334500164856e+00 -4.230585134497e+01 1.644573729110e+01 -6.886412333568e+01
1.835000000000e+01  -8.875277337827e+00 -4.256739342408e+01 1.403854898490e+01 -6.954882627690e+01
1.840000000000e+01  -1.044316702127e+01 -4.266730093420e+01 1.157248303629e+01 -6.998184140663e+01
1.845000000000e+01  -1.201951523911e+01 -4.260349138621e+01 9.076681974740e+00 -7.015809173406e+01
1.850000000000e+01  -1.358555207721e+01 -4.237603799062e+01 6.580678478399e+00 -7.007588004306e+01
1.855000000000e+01  -1.512264002730e+01 -4.198716870968e+01 4.114004634174e+00 -6.973691133569e+01
1.860000000000e+01  -1.661252057866e+01 -4.144123679378e+01 1.705801205697e+00 -6.914627025128e+01
1.865000000000e+01  -1.803755579435e+01 -4.074466319211e+01 -6.155679198105e-01 -6.831235375992e+01
1.870000000000e+01  -1.938096167487e+01 -3.990585159972e+01 -2.822891003415e+00 -6.724676002111e+01
1.875000000000e+01  -2.062703022083e+01 -3.893507726524e+01 -4.890468478722e+00 -6.596413487829e+01
1.880000000000e+01  -2.176133725608e+01 -3.784435103074e+01 -6.794452963965e+00 -6.448197802104e+01
1.885000000000e+01  -2.277093326076e+01 -3.664726040308e+01 -8.513164762200e+00 -6.282041137979e+01
1.890000000000e+01  -2.364451468889e+01 -3.535878976000e+01 -1.002737867430e+01 -6.100191281849e+01
1.895000000000e+01  -2.437257350327e+01 -3.399512207027e+01 -1.132057832905e+01 -5.905101864927e+01
1.900000000000e+01  -2.494752294880e+01 -3.257342475210e+01 -1.237917466457e+01 -5.699399890620e+01
1.905000000000e+01  -2.536379789956e+01 -3.111162250352e+01 -1.319268566966e+01 -5.485850967544e+01
1.910000000000e+01  -2.561792845192e+01 -2.962816011134e+01 -1.375387500639e+01 -5.267322708294e+01
1.915000000000e+01  -2.570858578957e+01 -2.814175837748e+01 -1.405884767945e+01 -5.046746778344e+01
1.920000000000e+01  -2.563659971347e+01 -2.667116639286e+01 -1.410710148604e+01 -4.827080097319e+01
1.925000000000e+01  -2.540494760495e+01 -2.523491343720e+01 -1.390153356560e+01 -4.611265706117e+01
1.930000000000e+01  -2.501871496773e+01 -2.385106378805e+01 -1.344840196258e+01 -4.402193817736e+01
1.935000000000e+01  -2.448502807132e+01 -2.253697768404e+01 -1.275724271097e+01 -4.202663567296e+01
1.940000000000e+01  -2.381295958696e+01 -2.130908160560e+01 -1.184074353791e+01 -4.015345967420e+01
1.945000000000e+01  -2.301340846517e+01 -2.018265091334e+01 -1.071457585771e+01 -3.842748559249e+01
1.950000000000e+01  -2.209895564431e+01 -1.917160772067e+01 -9.397187279837e+00 -3.687182226886e+01
1.955000000000e+01  -2.108369750004e+01 -1.828833667550e+01 -7.909557376662e+00 -3.550730614448e+01
1.960000000000e+01  -1.998305923952e+01 -1.754352108913e+01 -6.274919943189e+00 -3.435222550464e+01
1.965000000000e+01  -1.881359071002e+01 -1.694600158084e+01 -4.518455424428e+00 -3.342207844551e+01
1.970000000000e+01  -1.759274732429e+01 -1.650265910896e+01 -2.666957580772e+00 -3.272936776677e+01
1.975000000000e+01  -1.633865900173e+01 -1.621832393636e+01 -7.484788027567e-01 -3.228343550443e+01
1.980000000000e+01  -1.506989018336e+01 -1.609571173514e+01 1.208041230895e+00 -3.209033929381e+01
1.985000000000e+01  -1.380519409646e+01 -1.613538767605e+01 3.173158637613e+00 -3.215277219860e+01
1.990000000000e+01  -1.256326452100e+01 -1.633575897793e+01 5.117315087948e+00 -3.247002706727e+01
1.995000000000e+01  -1.136248834294e+01 -1.669309601573e+01 7.011229077146e+00 -3.303800588837e+01
2.000000000000e+01  -1.022070216908e+01 -1.720158170780e+01 8.826283533222e+00 -3.384927402097e+01
2.005000000000e+01  -9.154956224588e+00 -1.785338852886e+01 1.053490463194e+01 -3.489315858246e+01
2.010000000000e+01  -8.181288657491e+00 -1.863878212941e+01 1.211092680544e+01 -3.615588969185e+01
2.015000000000e+01  -7.314513237292e+00 -1.954625019030e+01 1.352993911404e+01 -3.762078269911e+01
2.020000000000e+01  -6.568023257098e+00 -2.056265480728e+01 1.476960839729e+01 -3.926845898910e+01
2.025000000000e+01  -5.953614234509e+00 -2.167340638868e+01 1.580997492764e+01 -4.107710243792e+01
2.030000000000e+01  -5.481327757625e+00 -2.286265676515e+01 1.663371665418e+01 -4.302274812770e+01
2.035000000000e+01  -5.159318542704e+00 -2.411350895546e+01 1.722637853936e+01 -4.507959949902e+01
2.040000000000e+01  -4.993746462848e+00 -2.540824081275e+01 1.757656395363e+01 -4.722036974379e+01
2.045000000000e+01  -4.988694976588e+00 -2.672853959112e+01 1.767608559512e+01 -4.941664292051e+01
2.050000000000e+01  -5.146117035904e+00 -2.805574432855e+01 1.752007393713e+01 -5.163925001302e+01
2.055000000000e+01  -5.465809189515e+00 -2.937109283834e+01 1.710704176812e+01 -5.385865495589e+01
2.060000000000e+01  -5.945414224175e+00 -3.065597004040e+01 1.643890397021e+01 -5.604534551785e+01
2.065000000000e+01  -6.580452309006e+00 -3.189215434607e+01 1.552095227435e+01 -5.817022387030e+01
2.070000000000e+01  -7.364380230707e+00 -3.306205883561e+01 1.436178532625e+01 -6.020499167210e+01
2.075000000000e+01  -8.288677935730e+00 -3.414896403687e+01 1.297319498866e+01 -6.212252457440e+01
2.080000000000e+01  -9.342961234114e+00 -3.513723922434e+01 1.137001038453e+01 -6.389723118947e+01
2.085000000000e+01  -1.051511917346e+01 -3.601254931000e+01 9.569901745189e+00 -6.550539177267e+01
2.090000000000e+01  -1.179147426507e+01 -3.676204458803e+01 7.593146659142e+00 -6.692547213578e+01
2.095000000000e+01  -1.315696344170e+01 -3.737453082212e+01 5.462361815220e+00 -6.813840863699e+01
2.100000000000e+01  -1.459533735237e+01 -3.784061742472e+01 3.202203789990e+00 -6.912786047639e+01
2.105000000000e+01  -1.608937535650e+01 -3.815284176690e+01 8.390428392974e-01 -6.988042595773e+01
2.110000000000e+01  -1.762111337229e+01 -3.830576797404e+01 -1.599385989037e+00 -7.038581985466e+01
2.115000000000e+01  -1.917208156401e+01 -3.829605889957e+01 -4.084349804216e+00 -7.063700953418e+01
2.120000000000e+01  -2.072354872260e+01 -3.812252032451e+01 -6.586498026936e+00 -7.063030803567e+01
2.125000000000e+01  -2.225677010541e+01 -3.778611679777e+01 -9.076250718385e+00 -7.036542287390e+01
2.130000000000e+01  -2.375323545531e+01 -3.728995890751e+01 -1.152418994463e+01 -6.984545992011e+01
2.135000000000e+01  -2.519491391674e+01 -3.663926215221e+01 -1.390144899705e+01 -6.907688230964e+01
2.140000000000e+01  -2.656449260756e+01 -3.584127795547e+01 -1.618009431795e+01 -6.806942492019e+01
2.145000000000e+01  -2.784560568944e+01 -3.490519773781e+01 -1.833349507686e+01 -6.683596555230e+01
2.150000000000e+01  -2.902305090528e+01 -3.384203131468e+01 -2.033667550663e+01 -6.539235451688e+01
2.155000000000e+01  -3.008299071794e+01 -3.266446123017e+01 -2.216664533649e+01 -6.375720488517e+01
2.160000000000e+01  -3.101313538853e+01 -3.138667495411e+01 -2.380270394909e+01 -6.195164617679e+01
2.165000000000e+01  -3.180290557129e+01 -3.002417716318e+01 -2.522671423638e+01 -5.999904474561e+01
2.170000000000e+01  -3.244357227335e+01 -2.859358459040e+01 -2.642334253006e+01 -5.792469456395e+01
2.175000000000e+01  -3.292837232717e+01 -2.711240615797e+01 -2.738026143145e+01 -5.575548249718e+01
2.180000000000e+01  -3.325259784739e+01 -2.559881130304e+01 -2.808831285637e+01 -5.351953249843e+01
2.185000000000e+01  -3.341365848830e+01 -2.407138956259e+01 -2.854162913757e+01 -5.124583343231e+01
2.190000000000e+01  -3.341111567810e+01 -2.254890459887e+01 -2.873771058173e+01 -4.896385545284e+01
2.195000000000e+01  -3.324668837667e+01 -2.105004592076e+01 -2.867745845491e+01 -4.670316001249e+01
2.200000000000e+01  -3.292423028087e+01 -1.959318158676e+01 -2.836516295975e+01 -4.449300866355e+01
2.205000000000e+01  -3.244967877895e+01 -1.819611516219e+01 -2.780844636364e+01 -4.236197582884e+01
2.210000000000e+01  -3.183097632957e+01 -1.687585014725e+01 -2.701816203045e+01 -4.033757066644e+01
2.215000000000e+01  -3.107796530601e+01 -1.564836499334e+01 -2.600825069203e+01 -3.844587303256e+01
2.220000000000e+01  -3.020225769709e+01 -1.452840168505e+01 -2.479555586166e+01 -3.671118836038e+01
2.225000000000e+01  -2.921708138920e+01 -1.352927068593e+01 -2.339960083215e+01 -3.515572602203e+01
2.230000000000e+01  -2.813710506390e+01 -1.266267482906e+01 -2.184233020996e+01 -3.379930543036e+01
2.235000000000e+01  -2.697824402809e+01 -1.193855448339e+01 -2.014781940566e+01 -3.265909376993e+01
2.240000000000e+01  -2.575744954672e+01 -1.136495604464e+01 -1.834195592561e+01 -3.174937882804e+01
2.245000000000e+01  -2.449248446579e+01 -1.094792549132e+01 -1.645209668239e+01 -3.108137993221e+01
2.250000000000e+01  -2.320168809513e+01 -1.069142841451e+01 -1.450670585929e+01 -3.066309949614e+01
2.255000000000e+01  -2.190373346250e+01 -1.059729757960e+01 -1.253497812130e+01 -3.049921713874e+01
2.260000000000e+01  -2.061738015148e+01 -1.066520871422e+01 -1.056645215906e+01 -3.059102777756e+01
2.265000000000e+01  -1.936122599417e+01 -1.089268484245e+01 -8.630619680112e+00 -3.093642451576e+01
2.270000000000e+01  -1.815346090464e+01 -1.127512910827e+01 -6.756535022029e+00 -3.152992654923e+01
2.275000000000e+01  -1.701162611106e+01 -1.180588565358e+01 -4.972430553894e+00 -3.236275172438e+01
2.280000000000e+01  -1.595238197280e+01 -1.247632774534e+01 -3.305342955799e+00 -3.342293278656e+01
2.285000000000e+01  -1.499128745512e+01 -1.327597198547e+01 -1.780755322253e+00 -3.469547578046e+01
2.290000000000e+01  -1.414259417994e+01 -1.419261709204e+01 -4.222598258685e-01 -3.616255850639e+01
2.295000000000e+01  -1.341905777823e+01 -1.521250541511e+01 7.487545943470e-01 -3.780376640599e+01
2.300000000000e+01  -1.283176904062e+01 -1.632050504980e+01 1.713385386979e+00 -3.959636275572e+01
2.305000000000e+01  -1.239000710066e+01 -1.750031013642e+01 2.455466637198e+00 -4.151558959222e+01
2.310000000000e+01  -1.210111659380e+01 -1.873465669693e+01 2.961783098972e+00 -4.353499538739e+01
2.315000000000e+01  -1.197041041774e+01 -2.000555115132e+01 3.222245177992e+00 -4.562678513643e+01
2.320000000000e+01  -1.200109938108e+01 -2.129450848976e+01 3.230022549585e+00 -4.776218822595e+01
2.325000000000e+01  -1.219424967113e+01 -2.258279694855e+01 2.981634643323e+00 -4.991183921381e+01
2.330000000000e+01  -1.254876870395e+01 -2.385168595176e+01 2.476996796838e+00 -5.204616648129e+01
2.335000000000e+01  -1.306141954378e+01 -2.508269403738e+01 1.719421468070e+00 -5.413578361433e+01
2.340000000000e+01  -1.372686370102e+01 -2.625783348694e+01 7.155744898660e-01 -5.615187833425e+01
2.345000000000e+01  -1.453773174239e+01 -2.735984842103e+01 -5.246130541040e-01 -5.806659383076e+01
2.350000000000e+01  -1.548472077889e+01 -2.837244320998e+01 -1.988076165915e+00 -5.985339745086e+01
2.355000000000e+01  -1.655671754126e+01 -2.928049817671e+01 -3.658788744311e+00 -6.148743186426e+01
2.360000000000e+01  -1.774094541431e+01 -3.007026973728e+01 -5.517975583021e+00 -6.294584405807e+01
2.365000000000e+01  -1.902313348412e+01 -3.072957233036e+01 -7.544360750873e+00 -6.420808780687e+01
2.370000000000e+01  -2.038770536110e+01 -3.124793972816e+01 -9.714449066657e+00 -6.525619561512e+01
2.375000000000e+01  -2.181798527992e+01 -3.161676359376e+01 -1.200283694369e+01 -6.607501653333e+01
2.380000000000e+01  -2.329641874874e+01 -3.182940745139e+01 -1.438254849041e+01 -6.665241670033e+01
2.385000000000e+01  -2.480480482791e+01 -3.188129456135e+01 -1.682539241892e+01 -6.697943995806e+01
2.390000000000e+01  -2.632453696379e+01 -3.176996853648e+01 -1.930233503840e+01 -6.705042641301e+01
2.395000000000e+01  -2.783684919091e+01 -3.149512589820e+01 -2.178388439692e+01 -6.686308737544e+01
2.400000000000e+01  -2.932306444386e+01 -3.105862014106e+01 -2.424048048813e+01 -6.641853568454e+01
2.405000000000e+01  -3.076484169301e+01 -3.046443725222e+01 -2.664288635870e+01 -6.572127101828e+01
2.410000000000e+01  -3.214441863341e+01 -2.971864300965e+01 -2.896257494074e+01 -6.477912038233e+01
2.415000000000e+01  -3.344484671499e+01 -2.882930275660e+01 -3.117210648974e+01 -6.360313456555e+01
2.420000000000e+01  -3.465021540391e+01 -2.780637471405e+01 -3.324549163307e+01 -6.220744193253e+01
2.425000000000e+01  -3.574586270693e+01 -2.666157824301e+01 -3.515853522443e+01 -6.060906148787e+01
2.430000000000e+01  -3.671856917301e+01 -2.540823880006e+01 -3.688915645381e+01 -5.882767768631e+01
2.435000000000e+01  -3.755673280438e+01 -2.406111163807e+01 -3.841768097644e+01 -5.688537996873e+01
2.440000000000e+01  -3.825052256270e+01 -2.263618658514e+01 -3.972710119483e+01 -5.480637047105e+01
2.445000000000e+01  -3.879200843844e+01 -2.115047648546e+01 -4.080330124933e+01 -5.261664377424e+01
2.450000000000e+01  -3.917526636240e+01 -1.962179210161e+01 -4.163524373957e+01 -5.034364293352e+01
2.455000000000e+01  -3.939645657093e+01 -1.806850645757e+01 -4.221511570595e+01 -4.801589633907e+01
2.460000000000e+01  -3.945387438759e+01 -1.650931174085e+01 -4.253843193894e+01 -4.566264021370e+01
2.465000000000e+01  -3.934797274951e+01 -1.496297198101e+01 -4.260409424935e+01 -4.331343174372e+01
2.470000000000e+01  -3.908135618002e+01 -1.344807477758e+01 -4.241440591488e+01 -4.099775796249e+01
2.475000000000e+01  -3.865874628758e+01 -1.198278536315e+01 -4.197504111198e+01 -3.874464556298e+01
2.480000000000e+01  -3.808691924743e+01 -1.058460625607e+01 -4.129496973749e+01 -3.658227680282e+01
2.485000000000e+01  -3.737461609343e+01 -9.270145683796e+00 -4.038633861494e+01 -3.453761658514e+01
2.490000000000e+01  -3.653242700719e+01 -8.054897841447e+00 -3.926431065767e+01 -3.263605565027e+01
2.495000000000e+01  -3.557265113592e+01 -6.953037893569e+00 -3.794686411734e+01 -3.090107460042e+01
2.500000000000e+01  -3.450913379407e+01 -5.977234432169e+00 -3.645455457438e+01 -2.935393320353e+01
2.505000000000e+01  -3.335708320335e+01 -5.138481872868e+00 -3.481024282052e+01 -2.801338908810e+01
2.510000000000e+01  -3.213286919623e+01 -4.445955007257e+00 -3.303879223424e+01 -2.689544955174e+01
2.515000000000e+01  -3.085380654704e+01 -3.906887636318e+00 -3.116673965440e+01 -2.601315976808e+01
2.520000000000e+01  -2.953792579801e+01 -3.526476891064e+00 -2.922194410748e+01 -2.537643019481e+01
2.525000000000e+01  -2.820373461302e+01 -3.307814506608e+00 -2.723321803729e+01 -2.499190546699e+01
2.530000000000e+01  -2.686997281755e+01 -3.251845959195e+00 -2.522994591742e+01 -2.486287651070e+01
2.535000000000e+01  -2.555536436639e+01 -3.357358006960e+00 -2.324169529374e+01 -2.498923704004e+01
2.540000000000e+01  -2.427836952169e+01 -3.620994799305e+00 -2.129782540434e+01 -2.536748501331e+01
2.545000000000e+01  -2.305694052105e+01 -4.037302341687e+00 -1.942709855656e+01 -2.599076902895e+01
2.550000000000e+01  -2.190828396902e+01 -4.598800727390e+00 -1.765729940400e+01 -2.684897904744e+01
2.555000000000e+01  -2.084863309664e+01 -5.296083180341e+00 -1.601486716210e+01 -2.792888023827e+01
2.560000000000e+01  -1.989303290286e+01 -6.117940598257e+00 -1.452454562955e+01 -2.921428818095e+01
2.565000000000e+01  -1.905514102133e+01 -7.051509947892e+00 -1.320905564702e+01 -3.068628310116e+01
2.570000000000e+01  -1.834704694784e+01 -8.082444548550e+00 -1.208879432813e+01 -3.232346030708e+01
2.575000000000e+01  -1.777911202076e+01 -9.195103990308e+00 -1.118156504271e+01 -3.410221351145e+01
2.580000000000e+01  -1.735983227225e+01 -1.037276117358e+01 -1.050234172610e+01 -3.599704729000e+01
2.585000000000e+01  -1.709572596515e+01 -1.159782373004e+01 -1.006307063333e+01 -3.798091454105e+01
2.590000000000e+01  -1.699124730397e+01 -1.285206689470e+01 -9.872512161973e+00 -4.002557448048e+01
2.595000000000e+01  -1.704872746188e+01 -1.411687474715e+01 -9.936124836811e+00 -4.210196643425e+01
2.600000000000e+01  -1.726834370424e+01 -1.537348662957e+01 -1.025599299184e+01 -4.418059448178e+01
2.605000000000e+01  -1.764811701712e+01 -1.660324548025e+01 -1.083079910653e+01 -4.623191785971e+01
2.610000000000e+01  -1.818393827235e+01 -1.778784479633e+01 -1.165584116250e+01 -4.822674195963e+01
2.615000000000e+01  -1.886962258280e+01 -1.890957095724e+01 -1.272309479089e+01 -5.013660474507e+01
2.620000000000e+01  -1.969699112847e+01 -1.995153770219e+01 -1.402131938806e+01 -5.193415347414e+01
2.625000000000e+01  -2.065597937057e+01 -2.089790965846e+01 -1.553620679508e+01 -5.359350674214e+01
2.630000000000e+01  -2.173477022154e+01 -2.173411196232e+01 -1.725057057364e+01 -5.509059705287e+01
2.635000000000e+01  -2.291995040849e+01 -2.244702319859e+01 -1.914457337335e+01 -5.640348938511e+01
2.640000000000e+01  -2.419668796090e+01 -2.302514910527e+01 -2.119598938140e+01 -5.751267153837e+01
2.645000000000e+01  -2.554892847358e+01 -2.345877474471e+01 -2.338049838155e+01 -5.840131241538e+01
2.650000000000e+01  -2.695960754768e+01 -2.374009312717e+01 -2.567200753062e+01 -5.905548482330e+01
2.655000000000e+01  -2.841087659819e+01 -2.386330858484e+01 -2.804299659429e+01 -5.946434984511e+01
2.660000000000e+01  -2.988433903963e+01 -2.382471352807e+01 -3.046488207322e+01 -5.962030034111e+01
2.665000000000e+01  -3.136129372430e+01 -2.362273756819e+01 -3.290839540076e+01 -5.951906168153e+01
2.670000000000e+01  -3.282298241138e+01 -2.325796835667e+01 -3.534397020710e+01 -5.915974837713e+01
2.675000000000e+01  -3.425083799187e+01 -2.273314386491e+01 -3.774213352488e+01 -5.854487585832e+01
2.680000000000e+01  -3.562673018443e+01 -2.205311620688e+01 -4.007389575901e+01 -5.768032724690e+01
2.685000000000e+01  -3.693320545046e+01 -2.122478748322e+01 -4.231113425981e+01 -5.657527556021e+01
2.690000000000e+01  -3.815371795351e+01 -2.025701849609e+01 -4.442696542340e+01 -5.524206237726e+01
2.695000000000e+01  -3.927284850648e+01 -1.916051154250e+01 -4.639610039479e+01 -5.369603457245e+01
2.700000000000e+01  -4.027650860899e+01 -1.794766883760e+01 -4.819517966641e+01 -5.195534127768e+01
2.705000000000e+01  -4.115212687478e+01 -1.663242844125e+01 -4.980308214403e+01 -5.004069375976e+01
2.710000000000e+01  -4.188881538190e+01 -1.523007985939e+01 -5.120120458981e+01 -4.797509139098e+01
2.715000000000e+01  -4.247751374428e+01 -1.375706176047e+01 -5.237370774440e+01 -4.578351733926e+01
2.720000000000e+01  -4.291110899794e+01 -1.223074448402e+01 -5.330772587087e+01 -4.349260800514e+01
2.725000000000e+01  -4.318452971541e+01 -1.066920021951e+01 -5.399353694741e+01 -4.113030058038e+01
2.730000000000e+01  -4.329481310266e+01 -9.090963897136e+00 -5.442469125649e+01 -3.872546339213e+01
2.735000000000e+01  -4.324114419083e+01 -7.514787954718e+00 -5.459809666862e+01 -3.630751392501e+01
2.740000000000e+01  -4.302486660380e+01 -5.959394226251e+00 -5.451405949224e+01 -3.390602957591e+01
2.745000000000e+01  -4.264946475942e+01 -4.443226235553e+00 -5.417628034901e+01 -3.155035629300e+01
2.750000000000e+01  -4.212051773965e+01 -2.984205173159e+00 -5.359180512912e+01 -2.926922027797e+01
2.755000000000e+01  -4.144562544035e+01 -1.599492785879e+00 -5.277093167569e+01 -2.709034789053e+01
2.760000000000e+01  -4.063430797788e+01 -3.052643169082e-01 -5.172707343322e+01 -2.504009878507e+01
2.765000000000e+01  -3.969787968381e+01 8.835054985795e-01 -5.047658186455e+01 -2.314311713476e+01
2.770000000000e+01  -3.864929935539e+01 1.953240550234e+00 -4.903852998642e+01 -2.142200555857e+01
2.775000000000e+01  -3.750299874337e+01 2.891942959855e+00 -4.743445988843e+01 -1.989702606669e+01
2.780000000000e+01  -3.627469154718e+01 3.689351802321e+00 -4.568809757661e+01 -1.858583198189e+01
2.785000000000e+01  -3.498116544506e+01 4.337078839600e+00 -4.382503891549e+01 -1.750323438453e+01
2.790000000000e+01  -3.364005991150e+01 4.828719471568e+00 -4.187241082477e+01 -1.666100617223e+01
2.795000000000e+01  -3.226963276234e+01 5.159937435280e+00 -3.985851221447e+01 -1.606772632716e+01
2.800000000000e+01  -3.088851851700e+01 5.328522131818e+00 -3.781243941027e+01 -1.572866645190e+01
2.805000000000e+01  -2.951548177586e+01 5.334417822040e+00 -3.576370102629e+01 -1.564572107559e+01
2.810000000000e+01  -2.816916887630e+01 5.179724304853e+00 -3.374182738199e+01 -1.581738265249e+01
2.815000000000e+01  -2.686786111432e+01 4.868669069046e+00 -3.177597963226e+01 -1.623876158396e+01
2.820000000000e+01  -2.562923279730e+01 4.407551287227e+00 -2.989456378333e+01 -1.690165099889e+01
2.825000000000e+01  -2.447011733000e+01 3.804658393038e+00 -2.812485470276e+01 -1.779463543516e+01
2.830000000000e+01  -2.340628442946e+01 3.070156345689e+00 -2.649263509932e+01 -1.890324198398e+01
2.835000000000e+01  -2.245223141692e+01 2.215955034023e+00 -2.502185425039e+01 -2.021013189668e+01
2.840000000000e+01  -2.162099134901e+01 1.255550601389e+00 -2.373431099347e+01 -2.169533011850e+01
2.845000000000e+01  -2.092396052735e+01 2.038467779686e-01 -2.264936517687e+01 -2.333648971138e+01
2.850000000000e+01  -2.037074766920e+01 -9.230424149399e-01 -2.178368138852e+01 -2.510918766669e+01
2.855000000000e+01  -1.996904673538e+01 -2.108005977669e+00 -2.115100835404e+01 -2.698724819297e+01
2.860000000000e+01  -1.972453509831e+01 -3.333162438984e+00 -2.076199692387e+01 -2.894308920019e+01
2.865000000000e+01  -1.964079839794e+01 -4.580096559342e+00 -2.062405905796e+01 -3.094808739543e+01
2.870000000000e+01  -1.971928307994e+01 -5.830103098085e+00 -2.074126967430e+01 -3.297295715805e+01
2.875000000000e+01  -1.995927724431e+01 -7.064434418544e+00 -2.111431266031e+01 -3.498813818039e+01
2.880000000000e+01  -2.035792005778e+01 -8.264548654246e+00 -2.174047176142e+01 -3.696418674407e+01
2.885000000000e+01  -2.091023960559e+01 -9.412355152010e+00 -2.261366646756e+01 -3.887216545357e+01
2.890000000000e+01  -2.160921868152e+01 -1.049045394371e+01 -2.372453242254e+01 -4.068402626946e+01
2.895000000000e+01  -2.244588764564e+01 -1.148236607757e+01 -2.506054529222e+01 -4.237298177226e+01
2.900000000000e+01  -2.340944312093e+01 -1.237275176074e+01 -2.660618645224e+01 -4.391385974346e+01
2.905000000000e+01  -2.448739095776e+01 -1.314761342632e+01 -2.834314830253e+01 -4.528343637136e+01
2.910000000000e+01  -2.566571157446e+01 -1.379448103738e+01 -3.025057649149e+01 -4.646074367197e+01
2.915000000000e+01  -2.692904548567e+01 -1.430257717568e+01 -3.230534584431e+01 -4.742734705658e+01
2.920000000000e+01  -2.826089656335e+01 -1.466295973035e+01 -3.448236634367e+01 -4.816758937276e+01
2.925000000000e+01  -2.964385034034e+01 -1.486864029813e+01 -3.675491511364e+01 -4.866879818898e+01
2.930000000000e+01  -3.105980446765e+01 -1.491467672829e+01 -3.909499001313e+01 -4.892145357981e+01
2.935000000000e+01  -3.249020827530e+01 -1.479823858744e+01 -4.147368015956e+01 -4.891931419119e+01
2.940000000000e+01  -3.391630826672e+01 -1.451864467802e+01 -4.386154847926e+01 -4.865949991727e+01
2.945000000000e+01  -3.531939629758e+01 -1.407737211374e+01 -4.622902122179e+01 -4.814253009502e+01
2.950000000000e+01  -3.668105715469e+01 -1.347803683199e+01 -4.854677928347e+01 -4.737231671067e+01
2.955000000000e+01  -3.798341225871e+01 -1.272634580116e+01 -5.078614616138e+01 -4.635611270838e+01
2.960000000000e+01  -3.920935626518e+01 -1.183002155517e+01 -5.291946740354e+01 -4.510441608482e+01
2.965000000000e+01  -4.034278343301e+01 -1.079870005420e+01 -5.492047653364e+01 -4.363083103906e+01
2.970000000000e+01  -4.136880076448e+01 -9.643803223000e+00 -5.676464260780e+01 -4.195188801541e+01
2.975000000000e+01  -4.227392509610e+01 -8.378387853926e+00 -5.842949480370e+01 -4.008682502042e+01
2.980000000000e+01  -4.304626153209e+01 -7.016972874073e+00 -5.989491974643e+01 -3.805733310850e+01
2.985000000000e+01  -4.367566085901e+01 -5.575347262584e+00 -6.114342763639e+01 -3.588726940412e+01
2.990000000000e+01  -4.415385385833e+01 -4.070361160113e+00 -6.216038365717e+01 -3.360234145849e+01
2.995000000000e+01  -4.447456073959e+01 -2.519702934892e+00 -6.293420160106e+01 -3.122976711807e+01
3.000000000000e+01  -4.463357424562e+01 -9.416651557219e-01 -6.345649714969e+01 -2.879791440612e+01
3.005000000000e+01  -4.462881533035e+01 6.450974310131e-01 -6.372219878134e+01 -2.633592618298e+01
3.010000000000e+01  -4.446036067209e+01 2.221814717372e+00 -6.372961483715e+01 -2.387333455259e+01
3.015000000000e+01  -4.413044165835e+01 3.769849576568e+00 -6.348045585863e+01 -2.143967011795e+01
3.020000000000e+01  -4.364341485552e+01 5.270944445800e+00 -6.297981190100e+01 -1.906407125670e+01
3.025000000000e+01  -4.300570435434e+01 6.707462885925e+00 -6.223608512240e+01 -1.677489858775e+01
3.030000000000e+01  -4.222571675399e+01 8.062622921186e+00 -6.126087854125e+01 -1.459935973093e+01
3.035000000000e+01  -4.131372991007e+01 9.320719070965e+00 -6.006884243395e+01 -1.256314932581e+01
3.040000000000e+01  -4.028175691868e+01 1.046733013521e+01 -5.867748040546e+01 -1.069010907343e+01
3.045000000000e+01  -3.914338713669e+01 1.148950998372e+01 -5.710691769960e+01 -9.001912300155e+00
3.050000000000e+01  -3.791360634201e+01 1.237595882430e+01 -5.537963481490e+01 -7.517777217967e+00
3.055000000000e+01  -3.660859841411e+01 1.311717268342e+01 -5.352016995156e+01 -6.254212676038e+00
3.060000000000e+01  -3.524553115906e+01 1.370556912088e+01 -5.155479422720e+01 -5.224799768208e+00
3.065000000000e+01  -3.384232911370e+01 1.413558751506e+01 -4.951116395972e+01 -4.440012186603e+00
3.070000000000e+01  -3.241743633552e+01 1.440376259135e+01 -4.741795461879e+01 -3.907077698834e+00
3.075000000000e+01  -3.098957231755e+01 1.450877022085e+01 -4.530448129047e+01 -3.629882581976e+00
3.080000000000e+01  -2.957748425845e+01 1.445144488314e+01 -4.320031067749e+01 -3.608920278037e+00
3.085000000000e+01  -2.819969896629e+01 1.423476856209e+01 -4.113486977022e+01 -3.841284950423e+00
3.090000000000e+01  -2.687427767929e+01 1.386383122163e+01 -3.913705636696e+01 -4.320710026651e+00
3.095000000000e+01  -2.561857704822e+01 1.334576338452e+01 -3.723485659808e+01 -5.037651217243e+00
3.100000000000e+01  -2.444901944367e+01 1.268964170643e+01 -3.545497451561e+01 -5.979412912120e+00
3.105000000000e+01  -2.338087562784e+01 1.190636879497e+01 -3.382247865031e+01 -7.130316281773e+00
3.110000000000e+01  -2.242806266705e+01 1.100852886406e+01 -3.236047021373e+01 -8.471906858545e+00
3.115000000000e+01  -2.160295975946e+01 1.001022113400e+01 -3.108977733614e+01 -9.983198850894e+00
3.120000000000e+01  -2.091624441509e+01 8.926873181999e+00 -3.002867938697e+01 -1.164095295739e+01
3.125000000000e+01  -2.037675115644e+01 7.775036713267e+00 -2.919266502593e+01 -1.341998400385e+01
3.130000000000e+01  -1.999135460941e+01 6.572168455435e+00 -2.859422718687e+01 -1.529349433231e+01
3.135000000000e+01  -1.976487853186e+01 5.336399075983e+00 -2.824269770751e+01 -1.723342852983e+01
3.140000000000e+01  -1.970003198362e+01 4.086293180782e+00 -2.814412379356e+01 -1.921084480259e+01
3.145000000000e+01  -1.979737348274e+01 2.840603569954e+00 -2.830118795214e+01 -2.119629808051e+01
3.150000000000e+01  -2.005530362232e+01 1.618023003212e+00 -2.871317245400e+01 -2.316022978247e+01
3.155000000000e+01  -2.047008624559e+01 4.369367598361e-01 -2.937596879501e+01 -2.507335908385e+01
3.160000000000e+01  -2.103589789905e+01 -6.848207321101e-01 -3.028213203148e+01 -2.690707050844e+01
3.165000000000e+01  -2.174490490917e+01 -1.730201976546e+00 -3.142097927048e+01 -2.863379271539e+01
3.170000000000e+01  -2.258736706273e+01 -2.683172075831e+00 -3.277873101159e+01 -3.022736346809e+01
3.175000000000e+01  -2.355176651845e+01 -3.528920996444e+00 -3.433869346955e+01 -3.166337595532e+01
3.180000000000e+01  -2.462496024419e+01 -4.254059624762e+00 -3.608147946508e+01 -3.291950188120e+01
3.185000000000e+01  -2.579235396214e+01 -4.846797018331e+00 -3.798526496046e+01 -3.397578704822e+01
3.190000000000e+01  -2.703809530011e+01 -5.297096506900e+00 -4.002607784498e+01 -3.481491552173e+01
3.195000000000e+01  -2.834528359278e+01 -5.596808577350e+00 -4.217811514842e+01 -3.542243887975e+01
3.200000000000e+01  -2.969619355627e+01 -5.739778783958e+00 -4.441408448458e+01 -3.578696751439e+01
3.205000000000e+01  -3.107250987610e+01 -5.721929255866e+00 -4.670556520620e+01 -3.590032145300e+01
3.210000000000e+01  -3.245556960389e+01 -5.541312723132e+00 -4.902338449176e+01 -3.575763870334e+01
3.215000000000e+01  -3.382660915488e+01 -5.198138346338e+00 -5.133800338698e+01 -3.535743968864e+01
3.220000000000e+01  -3.516701263769e+01 -4.694769007957e+00 -5.361990769221e+01 -3.470164692002e+01
3.225000000000e+01  -3.645855822973e+01 -4.035690101314e+00 -5.583999852268e+01 -3.379555964589e+01
3.230000000000e+01  -3.768365933781e+01 -3.227450230179e+00 -5.796997737293e+01 -3.264778381374e+01
3.235000000000e+01  -3.882559735247e+01 -2.278574603784e+00 -5.998272058955e+01 -3.127011827127e+01
3.240000000000e+01  -3.986874291569e+01 -1.199452273389e+00 -6.185263829630e+01 -2.967739871288e+01
3.245000000000e+01  -4.079876277376e+01 -2.198702706836e-03 -6.355601302182e+01 -2.788730143666e+01
3.250000000000e+01  -4.160280947785e+01 1.299504509079e+00 -6.507131354833e+01 -2.592010950908e+01
3.255000000000e+01  -4.226969142167e+01 2.690590630582e+00 -6.637947982802e+01 -2.379844443177e+01
3.260000000000e+01  -4.279002096613e+01 4.154807132395e+00 -6.746417519639e+01 -2.154696686173e+01
3.265000000000e+01  -4.315633869050e+01 5.674930714175e+00 -6.831200254490e+01 -1.919205034544e+01
3.270000000000e+01  -4.336321212597e+01 7.232995178990e+00 -6.891268159196e+01 -1.676143238480e+01
3.275000000000e+01  -4.340730766472e+01 8.810529139220e+00 -6.925918490645e+01 -1.428384745259e+01
3.280000000000e+01  -4.328743469308e+01 1.038880040823e+01 -6.934783088339e+01 -1.178864681424e+01
3.285000000000e+01  -4.300456136454e+01 1.194906384352e+01 -6.917833244157e+01 -9.305410187030e+00
3.290000000000e+01  -4.256180180406e+01 1.347280936146e+01 -6.875380079847e+01 -6.863554376170e+00
3.295000000000e+01  -4.196437491280e+01 1.494200684124e+01 -6.808070427272e+01 -4.491944066948e+00
3.300000000000e+01  -4.121953531862e+01 1.633934467720e+01 -6.716878265904e+01 -2.218509923792e+00
3.305000000000e+01  -4.033647738613e+01 1.764845882232e+01 -6.603091830915e+01 -6.987905027298e-02
3.310000000000e+01  -3.932621355648e+01 1.885414929186e+01 -6.468296562451e+01 1.928977299441e+00
3.315000000000e+01  -3.820142862717e+01 1.994258126192e+01 -6.314354121746e+01 3.755074095503e+00
3.320000000000e+01  -3.697631190008e+01 2.090146810145e+01 -6.143377751782e+01 5.387716621510e+00
3.325000000000e+01  -3.566636941934e+01 2.172023391575e+01 -5.957704308566e+01 6.808774253508e+00
3.330000000000e+01  -3.428821878364e+01 2.239015345003e+01 -5.759863333169e+01 8.002920305703e+00
3.335000000000e+01  -3.285936924860e+01 2.290446750181e+01 -5.552543573812e+01 8.957834768763e+00
3.340000000000e+01  -3.139799002927e+01 2.325847231464e+01 -5.338557401066e+01 9.664367257673e+00
3.345000000000e+01  -2.992266986901e+01 2.344958177025e+01 -5.120803587085e+01 1.011665801270e+01
3.350000000000e+01  -2.845217105665e+01 2.347736155585e+01 -4.902228941444e+01 1.031221535215e+01
3.355000000000e+01  -2.700518114724e+01 2.334353485471e+01 -4.685789311310e+01 1.025194855188e+01
3.360000000000e+01  -2.560006567221e+01 2.305195948446e+01 -4.474410462055e+01 9.940155716557e+00
3.365000000000e+01  -2.425462511137e+01 2.260857678580e+01 -4.270949356025e+01 9.384466802934e+00
3.370000000000e+01  -2.298585934322e+01 2.202133293801e+01 -4.078156341897e+01 8.595742549499e+00
3.375000000000e+01  -2.180974269065e+01 2.130007374252e+01 -3.898638755015e+01 7.587930649799e+00
3.380000000000e+01  -2.074101253914e+01 2.045641426705e+01 -3.734826410408e+01 6.377881072979e+00
3.385000000000e+01  -1.979297432491e+01 1.950358507536e+01 -3.588939445173e+01 4.985122975553e+00
3.390000000000e+01  -1.897732547377e+01 1.845625707773e+01 -3.462958935770e+01 3.431606156751e+00
3.395000000000e+01  -1.830400062066e+01 1.733034732001e+01 -3.358600679109e+01 1.741410479043e+00
3.400000000000e+01  -1.778104015825e+01 1.614280828136e+01 -3.277292484390e+01 -5.957290065187e-02
3.405000000000e+01  -1.741448385421e+01 1.491140346935e+01 -3.220155276215e+01 -1.943984270461e+00
3.410000000000e+01  -1.720829094511e+01 1.365447228194e+01 -3.187988259073e+01 -3.883357537961e+00
3.415000000000e+01  -1.716428776423e+01 1.239068724829e+01 -3.181258339506e+01 -5.848497046466e+00
3.420000000000e+01  -1.728214359655e+01 1.113880686110e+01 -3.200093945959e+01 -7.809864046401e+00
3.425000000000e+01  -1.755937508046e+01 9.917427271332e+00 -3.244283328097e+01 -9.737967707223e+00
3.430000000000e+01  -1.799137909771e+01 8.744736131639e+00 -3.313277358094e+01 -1.160375549521e+01
3.435000000000e+01  -1.857149371665e+01 7.638271845895e+00 -3.406196796828e+01 -1.337899775090e+01
3.440000000000e+01  -1.929108638199e+01 6.614691411063e+00 -3.521843928809e+01 -1.503666137660e+01
3.445000000000e+01  -2.013966818408e+01 5.689549923734e+00 -3.658718411883e+01 -1.655126768871e+01
3.450000000000e+01  -2.110503269546e+01 4.877094669348e+00 -3.815037131930e+01 -1.789922969891e+01
3.455000000000e+01  -2.217341753731e+01 4.190076519123e+00 -3.988757799830e+01 -1.905916436075e+01
3.460000000000e+01  -2.332968653766e+01 3.639581130669e+00 -4.177605978383e+01 -2.001217564926e+01
3.465000000000e+01  -2.455753007054e+01 3.234882186173e+00 -4.379105181539e+01 -2.074210472744e+01
3.470000000000e+01  -2.583968092504e+01 2.983318610398e+00 -4.590609647580e+01 -2.123574388875e+01
3.475000000000e+01  -2.715814284720e+01 2.890197393403e+00 -4.809339352551e+01 -2.148301144446e+01
3.480000000000e+01  -2.849442873040e+01 2.958723304012e+00 -5.032416800562e+01 -2.147708524133e+01
3.485000000000e+01  -2.982980530190e+01 3.189956424229e+00 -5.256905104084e+01 -2.121449304254e+01
3.490000000000e+01  -3.114554106745e+01 3.582798066554e+00 -5.479846850284e+01 -2.069515857604e+01
3.495000000000e+01  -3.242315423265e+01 4.134005260608e+00 -5.698303239038e+01 -1.992240264054e+01
3.500000000000e+01  -3.364465732004e+01 4.838233617322e+00 -5.909392974673e+01 -1.890289925490e+01
3.505000000000e+01  -3.479279524461e+01 5.688108003444e+00 -6.110330396750e+01 -1.764658743091e+01
3.510000000000e+01  -3.585127369726e+01 6.674320091049e+00 -6.298462345256e+01 -1.616653973727e+01
3.515000000000e+01  -3.680497481342e+01 7.785751491093e+00 -6.471303272332e+01 -1.447878939403e+01
3.520000000000e+01  -3.764015727308e+01 9.009620841446e+00 -6.626568135882e+01 -1.260211818594e+01
3.525000000000e+01  -3.834463818377e+01 1.033165290286e+01 -6.762202639729e+01 -1.055780800114e+01
3.530000000000e+01  -3.890795433961e+01 1.173626742507e+01 -6.876410420142e+01 -8.369359283713e+00
3.535000000000e+01  -3.932150072241e+01 1.320678528349e+01 -6.967676818926e+01 -6.062180125709e+00
3.540000000000e+01  -3.957864441164e+01 1.472564915866e+01 -7.034788928477e+01 -3.663250113499e+00
3.545000000000e+01  -3.967481239605e+01 1.627465583781e+01 -7.076851643525e+01 -1.200763376934e+00
3.550000000000e+01  -3.960755212470e+01 1.783519706433e+01 -7.093299507129e+01 1.296244434740e+00
3.555000000000e+01  -3.937656399611e+01 1.938850574775e+01 -7.083904194156e+01 3.798280313627e+00
3.560000000000e+01  -3.898370535552e+01 2.091590427593e+01 -7.048777533220e+01 6.275784106612e+00
3.565000000000e+01  -3.843296594746e+01 2.239905164322e+01 -6.988370027067e+01 8.699519617392e+00
3.570000000000e+01  -3.773041514837e+01 2.382018612411e+01 -6.903464891011e+01 1.104096142128e+01
3.575000000000e+01  -3.688412167773e+01 2.516236028091e+01 -6.795167688295e+01 1.327267227364e+01
3.580000000000e+01  -3.590404685006e+01 2.640966519527e+01 -6.664891699557e+01 1.536866611744e+01
3.585000000000e+01  -3.480191278070e+01 2.754744095618e+01 -6.514339220021e+01 1.730475188570e+01
3.590000000000e+01  -3.359104728938e+01 2.856247061869e+01 -6.345479031915e+01 1.905885354921e+01
3.595000000000e+01  -3.228620755419e+01 2.944315506664e+01 -6.160520350256e+01 2.061130217374e+01
3.600000000000e+01  -3.090338484967e+01 3.017966646531e+01 -5.961883586804e+01 2.194509612190e+01
3.605000000000e+01  -2.945959295320e+01 3.076407827297e+01 -5.752168319083e+01 2.304612595596e+01
3.610000000000e+01  -2.797264301979e+01 3.119047009100e+01 -5.534118888382e+01 2.390336106545e+01
3.615000000000e+01  -2.646090790473e+01 3.145500596495e+01 -5.310588082004e+01 2.450899554952e+01
3.620000000000e+01  -2.494307905289e+01 3.155598510012e+01 -5.084499380390e+01 2.485855142361e+01
3.625000000000e+01  -2.343791917212e+01 3.149386432080e+01 -4.858808268743e+01 2.495093778452e+01
3.630000000000e+01  -2.196401396377e+01 3.127125197565e+01 -4.636463125154e+01 2.478846515096e+01
3.635000000000e+01  -2.053952619606e+01 3.089287337008e+01 -4.420366202833e+01 2.437681478970e+01
3.640000000000e+01  -1.918195537474e+01 3.036550818304e+01 -4.213335222812e+01 2.372496343334e+01
3.645000000000e+01  -1.790790619159e+01 2.969790069637e+01 -4.018066085393e+01 2.284506438600e+01
3.650000000000e+01  -1.673286881526e+01 2.890064402488e+01 -3.837097193822e+01 2.175228659033e+01
3.655000000000e+01  -1.567101393185e+01 2.798603987914e+01 -3.672775862337e+01 2.046461378563e+01
3.660000000000e+01  -1.473500524778e+01 2.696793571695e+01 -3.527227253125e+01 1.900260641504e+01
3.665000000000e+01  -1.393583193637e+01 2.586154143858e+01 -3.402326253302e+01 1.738912943281e+01
3.670000000000e+01  -1.328266324529e+01 2.468322805170e+01 -3.299672664073e+01 1.564904961363e+01
3.675000000000e+01  -1.278272718926e+01 2.345031097036e+01 -3.220570030435e+01 1.380890637008e+01
3.680000000000e+01  -1.244121493322e+01 2.218082081599e+01 -3.166008391575e+01 1.189656043445e+01
3.685000000000e+01  -1.226121213138e+01 2.089326475351e+01 -3.136651180260e+01 9.940825054285e+00
3.690000000000e+01  -1.224365813087e+01 1.960638152109e+01 -3.132826444581e+01 7.971084582484e+00
3.695000000000e+01  -1.238733357984e+01 1.833889339550e+01 -3.154522508227e+01 6.016905509493e+00
3.700000000000e+01  -1.268887660396e+01 1.710925837548e+01 -3.201388126714e+01 4.107645085157e+00
3.705000000000e+01  -1.314282733739e+01 1.593542586282e+01 -3.272737137519e+01 2.272062709794e+00
3.710000000000e+01  -1.374170021867e+01 1.483459907445e+01 -3.367557542552e+01 5.379392372973e-01
3.715000000000e+01  -1.447608309500e+01 1.382300732963e+01 -3.484524902789e+01 -1.068290771579e+00
3.720000000000e+01  -1.533476182313e+01 1.291569122610e+01 -3.622019867805e+01 -2.521888978982e+00
3.725000000000e+01  -1.630486871817e+01 1.212630354781e+01 -3.778149608190e+01 -3.800140751819e+00
3.730000000000e+01  -1.737205288542e+01 1.146692853928e+01 -3.950772867257e+01 -4.882655861798e+00
3.735000000000e+01  -1.852067018133e+01 1.094792193820e+01 -4.137528300464e+01 -5.751638424206e+00
3.740000000000e+01  -1.973399028949e+01 1.057777388330e+01 -4.335865727536e+01 -6.392122503033e+00
3.745000000000e+01  -2.099441817127e+01 1.036299651176e+01 -4.543079883687e+01 -6.792170264473e+00
3.750000000000e+01  -2.228372696036e+01 1.030803773371e+01 -4.756346223268e+01 -6.943030056403e+00
3.755000000000e+01  -2.358329921922e+01 1.041522232489e+01 -4.972758302037e+01 -6.839252321850e+00
3.760000000000e+01  -2.487437336448e+01 1.068472111714e+01 -5.189366243314e+01 -6.478761812421e+00
3.765000000000e+01  -2.613829200025e+01 1.111454869430e+01 -5.403215778973e+01 -5.862885146040e+00
3.770000000000e+01  -2.735674887278e+01 1.170058962422e+01 -5.611387348594e+01 -4.996333344282e+00
3.775000000000e+01  -2.851203117837e+01 1.243665287948e+01 -5.811034739347e+01 -3.887139580407e+00
3.780000000000e+01  -2.958725401774e+01 1.331455372688e+01 -5.999422755238e+01 -2.546552961938e+00
3.785000000000e+01  -3.056658389418e+01 1.432422200173e+01 -6.173963417205e+01 -9.888897534513e-01
3.790000000000e+01  -3.143544829760e+01 1.545383533421e+01 -6.332250214999e+01 7.686559914854e-01
3.795000000000e+01  -3.218072860094e+01 1.668997556462e+01 -6.472089957553e+01 2.706239883155e+00
3.800000000000e+01  -3.279093371616e+01 1.801780627753e+01 -6.591531800331e+01 4.801629723191e+00
3.805000000000e+01  -3.325635221149e+01 1.942126910531e+01 -6.688893065519e+01 7.030499632451e+00
3.810000000000e+01  -3.356918087701e+01 2.088329620322e+01 -6.762781513342e+01 9.366751886787e+00
3.815000000000e+01  -3.372362803708e+01 2.238603608416e+01 -6.812113769771e+01 1.178286220153e+01
3.820000000000e+01  -3.371599024223e+01 2.391108982432e+01 -6.836129666763e+01 1.425024389522e+01
3.825000000000e+01  -3.354470132581e+01 2.543975451384e+01 -6.834402305228e+01 1.673962611318e+01
3.830000000000e+01  -3.321035317600e+01 2.695327073069e+01 -6.806843707572e+01 1.922144110568e+01
3.835000000000e+01  -3.271568794834e+01 2.843307076262e+01 -6.753705985008e+01 2.166621543519e+01
3.840000000000e+01  -3.206556182192e+01 2.986102429225e+01 -6.675578004168e+01 2.404495993583e+01
3.845000000000e+01  -3.126688077867e+01 3.121967829396e+01 -6.573377597164e+01 2.632955326400e+01
3.850000000000e+01  -3.032850925595e+01 3.249248796768e+01 -6.448339418147e+01 2.849311396443e+01
3.855000000000e+01  -2.926115288102e+01 3.366403565351e+01 -6.301998607117e+01 3.051035612776e+01
3.860000000000e+01  -2.807721683948e+01 3.472023482997e+01 -6.136170477134e+01 3.235792393275e+01
3.865000000000e+01  -2.679064175201e+01 3.564851649626e+01 -5.952926493780e+01 3.401470064601e+01
3.870000000000e+01  -2.541671923131e+01 3.643799547187e+01 -5.754566864749e+01 3.546208798964e+01
3.875000000000e+01  -2.397188956026e+01 3.707961441275e+01 -5.543590102304e+01 3.668425217998e+01
3.880000000000e+01  -2.247352416880e+01 3.756626363819e+01 -5.322659961431e+01 3.766833338114e+01
3.885000000000e+01  -2.093969578822e+01 3.789287518253e+01 -5.094570191219e+01 3.840461580154e+01
3.890000000000e+01  -1.938893932459e+01 3.805648982715e+01 -4.862207565939e+01 3.888665618235e+01
3.895000000000e+01  -1.784000661607e+01 3.805629622547e+01 -4.628513685088e+01 3.911136897743e+01
3.900000000000e+01  -1.631161831943e+01 3.789364160335e+01 -4.396446047918e+01 3.907906709752e+01
3.905000000000e+01  -1.482221620950e+01 3.757201389317e+01 -4.168938917592e+01 3.879345767950e+01
3.910000000000e+01  -1.338971916952e+01 3.709699553810e+01 -3.948864492906e+01 3.826159293659e+01
3.915000000000e+01  -1.203128610166e+01 3.647618957786e+01 -3.738994901407e+01 3.749377674013e+01
3.920000000000e+01  -1.076308889523e+01 3.571911899415e+01 -3.541965516908e+01 3.650342816907e+01
3.925000000000e+01  -9.600098457318e+00 3.483710064794e+01 -3.360240086842e+01 3.530690383306e+01
3.930000000000e+01  -8.555886637332e+00 3.384309547672e+01 -3.196078130974e+01 3.392328132049e+01
3.935000000000e+01  -7.642446666894e+00 3.275153693437e+01 -3.051505042902e+01 3.237410663732e+01
3.940000000000e+01  -6.870034491317e+00 3.157813994406e+01 -2.928285290030e+01 3.068310897908e+01
3.945000000000e+01  -6.247033092512e+00 3.033969289236e+01 -2.827899066685e+01 2.887588661084e+01
3.950000000000e+01  -5.779841598866e+00 2.905383541753e+01 -2.751522709346e+01 2.697956801210e+01
3.955000000000e+01  -5.472790649599e+00 2.773882493253e+01 -2.700013133176e+01 2.502245277104e+01
3.960000000000e+01  -5.328085133681e+00 2.641329497270e+01 -2.673896495816e+01 2.303363698063e+01
3.965000000000e+01  -5.345775061083e+00 2.509600856614e+01 -2.673361238468e+01 2.104262809394e+01
3.970000000000e+01  -5.523754951864e+00 2.380560989064e+01 -2.698255596364e+01 1.907895433586e+01
3.975000000000e+01  -5.857791751163e+00 2.256037750369e+01 -2.748089611558e+01 1.717177384002e+01
3.980000000000e+01  -6.341580900679e+00 2.137798241150e+01 -2.822041621419e+01 1.534948868389e+01
3.985000000000e+01  -6.966829824580e+00 2.027525417852e+01 -2.918969136933e+01 1.363936892963e+01
3.990000000000e+01  -7.723367724987e+00 1.926795817292e+01 -3.037423966875e+01 1.206719164639e+01
3.995000000000e+01  -8.599280234004e+00 1.837058689589e+01 -3.175671387681e+01 1.065689969097e+01
4.000000000000e+01  -9.581067140294e+00 1.759616815636e+01 -3.331713105333e+01 9.430284762843e+00
4.005000000000e+01  -1.065382110287e+01 1.695609262970e+01 -3.503313705379e+01 8.406698927684e+00
4.010000000000e+01  -1.180142498697e+01 1.645996308252e+01 -3.688030241038e+01 7.602798427352e+00
4.015000000000e+01  -1.300676521052e+01 1.611546725891e+01 -3.883244567843e+01 7.032323166580e+00
4.020000000000e+01  -1.425195827767e+01 1.592827611037e+01 -4.086197996883e+01 6.705914794721e+00
4.025000000000e+01  -1.551858750159e+01 1.590196871621e+01 -4.294027808053e+01 6.630975790036e+00
4.030000000000e+01  -1.678794678360e+01 1.603798488812e+01 -4.503805140100e+01 6.811571411409e+00
4.035000000000e+01  -1.804128822256e+01 1.633560608595e+01 -4.712573756016e+01 7.248375815053e+00
4.040000000000e+01  -1.926007027761e+01 1.679196489749e+01 -4.917389170769e+01 7.938663049298e+00
4.045000000000e+01  -2.042620320005e+01 1.740208295665e+01 -5.115357623553e+01 8.876343046653e+00
4.050000000000e+01  -2.152228848642e+01 1.815893679824e+01 -5.303674378785e+01 1.005204213680e+01
4.055000000000e+01  -2.253184918374e+01 1.905355077790e+01 -5.479660848998e+01 1.145322701502e+01
4.060000000000e+01  -2.343954799907e+01 2.007511582737e+01 -5.640800048326e+01 1.306437052550e+01
4.065000000000e+01  -2.423139032707e+01 2.121113247366e+01 -5.784769907395e+01 1.486715706543e+01
4.070000000000e+01  -2.489490950842e+01 2.244757622917e+01 -5.909474008737e+01 1.684072489173e+01
4.075000000000e+01  -2.541933186771e+01 2.376908316424e+01 -6.013069335966e+01 1.896194212357e+01
4.080000000000e+01  -2.579571934640e+01 2.515915320606e+01 -6.093990669491e+01 2.120571278825e+01
4.085000000000e+01  -2.601708784347e+01 2.660036847361e+01 -6.150971305906e+01 2.354530885995e+01
4.090000000000e+01  -2.607849969751e+01 2.807462375916e+01 -6.183059826863e+01 2.595272389751e+01
4.095000000000e+01  -2.597712908634e+01 2.956336610604e+01 -6.189632695505e+01 2.839904360093e+01
4.100000000000e+01  -2.571229947879e+01 3.104784031233e+01 -6.170402513762e+01 3.085482838270e+01
4.105000000000e+01  -2.528549264282e+01 3.250933711120e+01 -6.125421831227e+01 3.329050289113e+01
4.110000000000e+01  -2.470032909088e+01 3.392944074373e+01 -6.055082455206e+01 3.567674733062e+01
4.115000000000e+01  -2.396252022136e+01 3.529027264769e+01 -5.960110271087e+01 3.798488540019e+01
4.120000000000e+01  -2.307979278926e+01 3.657472803733e+01 -5.841555641548e+01 4.018726371627e+01
4.125000000000e+01  -2.206178670587e+01 3.776670224332e+01 -5.700779511687e+01 4.225761769849e+01
4.130000000000e+01  -2.091992751990e+01 3.885130381742e+01 -5.539435403946e+01 4.417141907635e+01
4.135000000000e+01  -1.966727526752e+01 3.981505158172e+01 -5.359447541106e+01 4.590620041787e+01
4.140000000000e+01  -1.831835169187e+01 4.064605301459e+01 -5.162985386882e+01 4.744185238539e+01
4.145000000000e+01  -1.688894811838e+01 4.133416161269e+01 -4.952434941039e+01 4.876088978467e+01
4.150000000000e+01  -1.539591652860e+01 4.187111114650e+01 -4.730367168917e+01 4.984868288637e+01
4.155000000000e+01  -1.385694659747e+01 4.225062503255e+01 -4.499503983157e+01 5.069365095866e+01
4.160000000000e+01  -1.229033164466e+01 4.246849937500e+01 -4.262682227843e+01 5.128741544969e+01
4.165000000000e+01  -1.071472659742e+01 4.252265857760e+01 -4.022816141671e+01 5.162491079272e+01
4.170000000000e+01  -9.148901167997e+00 4.241318279005e+01 -3.782858796931e+01 5.170445136761e+01
4.175000000000e+01  -7.611491512197e+00 4.214230682543e+01 -3.545763024600e+01 5.152775373234e+01
4.180000000000e+01  -6.120753655462e+00 4.171439056330e+01 -3.314442342666e+01 5.109991383053e+01
4.185000000000e+01  -4.694321949768e+00 4.113586122980e+01 -3.091732404773e+01 5.042933947643e+01
4.190000000000e+01  -3.348975757835e+00 4.041512831891e+01 -2.880353479346e+01 4.952763901102e+01
4.195000000000e+01  -2.100417452386e+00 3.956247228070e+01 -2.682874455777e+01 4.840946760267e+01
4.200000000000e+01  -9.630646683935e-01 3.858990844959e+01 -2.501678853994e+01 4.709233322641e+01
4.205000000000e+01  5.014044235246e-02 3.751102801349e+01 -2.338933287249e+01 4.559636488956e+01
4.210000000000e+01  9.279024300297e-01 3.634081812847e+01 -2.196558795484e+01 4.394404617095e+01
4.215000000000e+01  1.660721973022e+00 3.509546355944e+01 -2.076205428660e+01 4.215991760005e+01
4.220000000000e+01  2.241021534102e+00 3.379213247200e+01 -1.979230416394e+01 4.027025181485e+01
4.225000000000e+01  2.663245583633e+00 3.244874921028e+01 -1.906680212823e+01 3.830270579730e+01
4.230000000000e+01  2.923934063432e+00 3.108375706789e+01 -1.859276654311e+01 3.628595478878e+01
4.235000000000e+01  3.021768119084e+00 2.971587419128e+01 -1.837407413171e+01 3.424931273019e+01
4.240000000000e+01  2.957587495484e+00 2.836384584614e+01 -1.841120873763e+01 3.222234424994e+01
4.245000000000e+01  2.734379365394e+00 2.704619632514e+01 -1.870125498755e+01 3.023447333458e+01
4.250000000000e+01  2.357238738870e+00 2.578098378037e+01 -1.923793693946e+01 2.831459386118e+01
4.255000000000e+01  1.833300977493e+00 2.458556122494e+01 -2.001170120501e+01 2.649068714544e+01
4.260000000000e+01  1.171647306521e+00 2.347634686681e+01 -2.100984344587e+01 2.478945156699e+01
4.265000000000e+01  3.831845754030e-01 2.246860681398e+01 -2.221667657018e+01 2.323594917350e+01
4.270000000000e+01  -5.194991420750e-01 2.157625302706e+01 -2.361373840306e+01 2.185327394024e+01
4.275000000000e+01  -1.522301197040e+00 2.081165919273e+01 -2.518003608287e+01 2.066224607557e+01
4.280000000000e+01  -2.609791058733e+00 2.018549695521e+01 -2.689232394899e+01 1.968113641774e+01
4.285000000000e+01  -3.765414580959e+00 1.970659467270e+01 -2.872541124341e+01 1.892542457046e+01
4.290000000000e+01  -4.971713138535e+00 1.938182056831e+01 -3.065249555410e+01 1.840759397793e+01
4.295000000000e+01  -6.210554733668e+00 1.921599182156e+01 -3.264551758733e+01 1.813696665150e+01
4.300000000000e+01  -7.463374013816e+00 1.921181080386e+01 -3.467553257390e+01 1.811957973499e+01
4.305000000000e+01  -8.711418024620e+00 1.936982930150e+01 -3.671309339413e+01 1.835810554235e+01
4.310000000000e+01  -9.935994445627e+00 1.968844119991e+01 -3.872864035118e+01 1.885181612579e+01
4.315000000000e+01  -1.111871902365e+01 2.016390372574e+01 -4.069289243464e+01 1.959659284332e+01
4.320000000000e+01  -1.224175892920e+01 2.079038696593e+01 -4.257723489631e+01 2.058498079911e+01
4.325000000000e+01  -1.328806881550e+01 2.156005100812e+01 -4.435409800897e+01 2.180628743619e+01
4.330000000000e+01  -1.424161645594e+01 2.246314968185e+01 -4.599732199569e+01 2.324672397662e+01
4.335000000000e+01  -1.508759497404e+01 2.348815952732e+01 -4.748250330019e+01 2.488958783753e+01
4.340000000000e+01  -1.581261885709e+01 2.462193228521e+01 -4.878731761574e+01 2.671548360867e+01
4.345000000000e+01  -1.640490115966e+01 2.584986888929e+01 -4.989181539758e+01 2.870257966731e+01
4.350000000000e+01  -1.685440955162e+01 2.715611265944e+01 -5.077868594809e+01 3.082689703426e+01
4.355000000000e+01  -1.715299914570e+01 2.852375913807e+01 -5.143348657978e+01 3.306262664836e+01
4.360000000000e+01  -1.729452034667e+01 2.993507979326e+01 -5.184483382343e+01 3.538247086070e+01
4.365000000000e+01  -1.727490029495e+01 3.137175662790e+01 -5.200455415082e+01 3.775800462909e+01
4.370000000000e+01  -1.709219682663e+01 3.281512459019e+01 -5.190779221746e+01 4.016005163290e+01
4.375000000000e+01  -1.674662423610e+01 3.424641857732e+01 -5.155307519285e+01 4.255907033063e+01
4.380000000000e+01  -1.624055050005e+01 3.564702176355e+01 -5.094233232681e+01 4.492554485124e+01
4.385000000000e+01  -1.557846599971e+01 3.699871196628e+01 -5.008086949315e+01 4.723037554608e+01
4.390000000000e+01  -1.476692415533e+01 3.828390278974e+01 -4.897729904729e+01 4.944526403299e+01
4.395000000000e+01  -1.381445475837e+01 3.948587635496e+01 -4.764342592638e+01 5.154308763674e+01
4.400000000000e+01  -1.273145114851e+01 4.058900453617e+01 -4.609409149902e+01 5.349825827066e+01
4.405000000000e+01  -1.153003272850e+01 4.157895577560e+01 -4.434697723127e+01 5.528706100981e+01
4.410000000000e+01  -1.022388463632e+01 4.244288473998e+01 -4.242237076707e+01 5.688796787524e+01
4.415000000000e+01  -8.828076696505e+00 4.316960230848e+01 -4.034289751892e+01 5.828192267656e+01
4.420000000000e+01  -7.358864046563e+00 4.374972364282e+01 -3.813322132073e+01 5.945259314324e+01
4.425000000000e+01  -5.833472076971e+00 4.417579237973e+01 -3.581971810471e+01 6.038658700804e+01
4.430000000000e+01  -4.269868530939e+00 4.444237930231e+01 -3.343012692047e+01 6.107362918281e+01
4.435000000000e+01  -2.686525779894e+00 4.454615418450e+01 -3.099318291512e+01 6.150669768202e+01
4.440000000000e+01  -1.102176420764e+00 4.448592985780e+01 -2.853823713122e+01 6.168211649504e+01
4.445000000000e+01  4.644345705319e-01 4.426267791710e+01 -2.609486815430e+01 6.159960417840e+01
4.450000000000e+01  1.994797849377e+00 4.387951585779e+01 -2.369249074943e+01 6.126227752459e+01
4.455000000000e+01  3.470884594378e+00 4.334166581430e+01 -2.135996666601e+01 6.067661025921e+01
4.460000000000e+01  4.875385040016e+00 4.265638544625e+01 -1.912522276158e+01 5.985234731279e+01
4.465000000000e+01  6.191937493286e+00 4.183287188673e+01 -1.701488149814e+01 5.880237580200e+01
4.470000000000e+01  7.405344803528e+00 4.088214002397e+01 -1.505390870124e+01 5.754255442758e+01
4.475000000000e+01  8.501775420684e+00 3.981687672713e+01 -1.326528324321e+01 5.609150354676e+01
4.480000000000e+01  9.468946381189e+00 3.865127294547e+01 -1.166969302206e+01 5.447035869844e+01
4.485000000000e+01  1.029628579986e+01 3.740083590281e+01 -1.028526125932e+01 5.270249084277e+01
4.490000000000e+01  1.097507271734e+01 3.608218387280e+01 -9.127306739203e+00 5.081319701779e+01
4.495000000000e+01  1.149855245246e+01 3.471282625083e+01 -8.208141161802e+00 4.882936550663e+01
4.500000000000e+01  1.186202593277e+01 3.331093183318e+01 -7.536906292408e+00 4.677911994675e+01
4.505000000000e+01  1.206291182125e+01 3.189508837005e+01 -7.119453061941e+00 4.469144709092e+01
4.510000000000e+01  1.210078061687e+01 3.048405657440e+01 -6.958264218548e+00 4.259581314611e+01
4.515000000000e+01  1.197736027771e+01 2.909652184216e+01 -7.052421553965e+00 4.052177376783e+01
4.520000000000e+01  1.169651329241e+01 2.775084696949e+01 -7.397618138378e+00 3.849858287110e+01
4.525000000000e+01  1.126418550313e+01 2.646482913973e+01 -7.986215401863e+00 3.655480543509e+01
4.530000000000e+01  1.068832735750e+01 2.525546439587e+01 -8.807344306974e+00 3.471793942567e+01
4.535000000000e+01  9.978788631589e+00 2.413872271570e+01 -9.847049273573e+00 3.301405183909e+01
4.540000000000e+01  9.147188017254e+00 2.312933666625e+01 -1.108847295119e+01 3.146743368373e+01
4.545000000000e+01  8.206759299592e+00 2.224060643436e+01 -1.251207939363e+01 3.010027846560e+01
4.550000000000e+01  7.172176160339e+00 2.148422381375e+01 -1.409591268235e+01 2.893238843266e+01
4.555000000000e+01  6.059357925672e+00 2.087011747785e+01 -1.581588757596e+01 2.798091246550e+01
4.560000000000e+01  4.885258829181e+00 2.040632158609e+01 -1.764610833937e+01 2.726011908309e+01
4.565000000000e+01  3.667643578909e+00 2.009886946245e+01 -1.955921153331e+01 2.678120756765e+01
4.570000000000e+01  2.424852198595e+00 1.995171375344e+01 -2.152672822758e+01 2.655215970832e+01
4.575000000000e+01  1.175557255217e+00 1.996667412202e+01 -2.351946084463e+01 2.657763412545e+01
4.580000000000e+01  -6.148331431394e-02 2.014341316975e+01 -2.550786964622e+01 2.685890457424e+01
4.585000000000e+01  -1.267674506218e+00 2.047944090580e+01 -2.746246374856e+01 2.739384304401e+01
4.590000000000e+01  -2.424830396625e+00 2.097014770363e+01 -2.935419149099e+01 2.817694787695e+01
4.595000000000e+01  -3.515414874564e+00 2.160886530929e+01 -3.115482499232e+01 2.919941653414e+01
4.600000000000e+01  -4.522773775304e+00 2.238695509385e+01 -3.283733380536e+01 3.044926204579e+01
4.605000000000e+01  -5.431355341980e+00 2.329392238206e+01 -3.437624272498e+01 3.191147160473e+01
4.610000000000e+01  -6.226916097943e+00 2.431755534432e+01 -3.574796901419e+01 3.356820520428e+01
4.615000000000e+01  -6.896709405289e+00 2.544408661362e+01 -3.693113458553e+01 3.539903169162e+01
4.620000000000e+01  -7.429654214205e+00 2.665837548890e+01 -3.790684900645e+01 3.738119911291e+01
4.625000000000e+01  -7.816481769896e+00 2.794410831335e+01 -3.865895958313e+01 3.948993577230e+01
4.630000000000e+01  -8.049858335570e+00 2.928401437590e+01 -3.917426521343e+01 4.169877802060e+01
4.635000000000e+01  -8.124482307369e+00 3.066009447868e+01 -3.944269117858e+01 4.397992043577e+01
4.640000000000e+01  -8.037154436032e+00 3.205385914560e+01 -3.945742256062e+01 4.630458376081e+01
4.645000000000e+01  -7.786820225964e+00 3.344657331956e+01 -3.921499451980e+01 4.864339572990e+01
4.650000000000e+01  -7.374583950613e+00 3.481950430993e+01 -3.871533823729e+01 5.096677974277e+01
4.655000000000e+01  -6.803694098664e+00 3.615416970915e+01 -3.796178191515e+01 5.324534624376e+01
4.660000000000e+01  -6.079500443667e+00 3.743258199722e+01 -3.696100682039e+01 5.545028162598e+01
4.665000000000e+01  -5.209383305226e+00 3.863748659733e+01 -3.572295895471e+01 5.755372951380e+01
4.670000000000e+01  -4.202655937917e+00 3.975259023189e+01 -3.426071751902e+01 5.952915937780e+01
4.675000000000e+01  -3.070441339702e+00 4.076277655714e+01 -3.259032191339e+01 6.135171760395e+01
4.680000000000e+01  -1.825525110177e+00 4.165430622245e+01 -3.073055956194e+01 6.299855637100e+01
4.685000000000e+01  -4.821863059068e-01 4.241499870689e+01 -2.870271737055e+01 6.444913598361e+01
4.690000000000e+01  9.439914686842e-01 4.303439352649e+01 -2.653030010674e+01 6.568549666029e+01
4.695000000000e+01  2.436326234850e+00 4.350388867891e+01 -2.423871942843e+01 6.669249617917e+01
4.700000000000e+01  3.977258348989e+00 4.381685449325e+01 -2.185495767719e+01 6.745801023675e+01
4.705000000000e+01  5.548582827169e+00 4.396872137836e+01 -1.940721088531e+01 6.797309286798e+01
4.710000000000e+01  7.131690210136e+00 4.395704030835e+01 -1.692451572091e+01 6.823209480466e+01
4.715000000000e+01  8.707812781206e+00 4.378151524494e+01 -1.443636530846e+01 6.823273820591e+01
4.720000000000e+01  1.025827287858e+01 4.344400706740e+01 -1.197231900857e+01 6.797614677164e+01
4.725000000000e+01  1.176473001593e+01 4.294850895823e+01 -9.561611321514e+00 6.746683084053e+01
4.730000000000e+01  1.320942354090e+01 4.230109357023e+01 -7.232765090013e+00 6.671262766974e+01
4.735000000000e+01  1.457540762006e+01 4.150983267424e+01 -5.013214120359e+00 6.572459768673e+01
4.740000000000e+01  1.584677544075e+01 4.058469035082e+01 -2.928940215947e+00 6.451687808605e+01
4.745000000000e+01  1.700886966245e+01 3.953739113944e+01 -1.004129426778e+00 6.310649570879e+01
4.750000000000e+01  1.804847633283e+01 3.838126489012e+01 7.391479358729e-01 6.151314168094e+01
4.755000000000e+01  1.895399970198e+01 3.713107037064e+01 2.281229284980e+00 5.975891079309e+01
4.760000000000e+01  1.971561562154e+01 3.580279996390e+01 3.605119879313e+00 5.786800907056e+01
4.765000000000e+01  2.032540149841e+01 3.441346803978e+01 4.696717638590e+00 5.586643340397e+01
4.770000000000e+01  2.077744108348e+01 3.298088580249e+01 5.544999677027e+00 5.378162747995e+01
4.775000000000e+01  2.106790270846e+01 3.152342559284e+01 6.142168086697e+00 5.164211856555e+01
4.780000000000e+01  2.119508993540e+01 3.005977776479e+01 6.483753041429e+00 4.947713995297e+01
4.785000000000e+01  2.115946394877e+01 2.860870335372e+01 6.568671856749e+00 4.731624406134e+01
4.790000000000e+01  2.096363739361e+01 2.718878580959e+01 6.399243224286e+00 4.518891131556e+01
4.795000000000e+01  2.061233974132e+01 2.581818508066e+01 5.981156432260e+00 4.312415997856e+01
4.800000000000e+01  2.011235464157e+01 2.451439730202e+01 5.323395979395e+00 4.115016210018e+01
4.805000000000e+01  1.947243008923e+01 2.329402326943e+01 4.438122579919e+00 3.929387066543e+01
4.810000000000e+01  1.870316259532e+01 2.217254876233e+01 3.340512134437e+00 3.758066287629e+01
4.815000000000e+01  1.781685689475e+01 2.116413962331e+01 2.048554797735e+00 3.603400428793e+01
4.820000000000e+01  1.682736304765e+01 2.028145430591e+01 5.828168026528e-01 3.467513824415e+01
4.825000000000e+01  1.574989308981e+01 1.953547637152e+01 -1.033831807939e+00 3.352280472209e+01
4.830000000000e+01  1.460081965902e+01 1.893536915204e+01 -2.776519937875e+00 3.259299230692e+01
4.835000000000e+01  1.339745926200e+01 1.848835450186e+01 -4.618704676450e+00 3.189872657899e+01
4.840000000000e+01  1.215784305032e+01 1.819961724351e+01 -6.532522662051e+00 3.144989771383e+01
4.845000000000e+01  1.090047813886e+01 1.807223657182e+01 -8.489158920715e+00 3.125312957659e+01
4.850000000000e+01  9.644102625414e+00 1.810714532411e+01 -1.045922829841e+01 3.131169204331e+01
4.855000000000e+01  8.407437553672e+00 1.830311765565e+01 -1.241316443913e+01 3.162545770936e+01
4.860000000000e+01  7.208939101922e+00 1.865678528339e+01 -1.432161116119e+01 3.219090355798e+01
4.865000000000e+01  6.066554277161e+00 1.916268208296e+01 -1.615581105199e+01 3.300115756679e+01
4.870000000000e+01  4.997483347666e+00 1.981331644881e+01 -1.788798613891e+01 3.404608963553e+01
4.875000000000e+01  4.017952158027e+00 2.059927045989e+01 -1.949170559830e+01 3.531244563171e+01
4.880000000000e+01  3.142997339815e+00 2.150932453838e+01 -2.094223563639e+01 3.678402278012e+01
4.885000000000e+01  2.386267260418e+00 2.253060595186e+01 -2.221686691177e+01 3.844188407519e+01
4.890000000000e+01  1.759841344262e+00 2.364875919370e+01 -2.329521516638e+01 4.026460887860e+01
4.895000000000e+01  1.274070157560e+00 2.484813598657e+01 -2.415949108643e+01 4.222857638579e+01
4.900000000000e+01  9.374383728606e-01 2.611200239498e+01 -2.479473582189e+01 4.430827820995e+01
4.905000000000e+01  7.564524269673e-01 2.742276030549e+01 -2.518901904769e+01 4.647665594669e+01
4.910000000000e+01  7.355543589278e-01 2.876218034387e+01 -2.533359694554e+01 4.870545925222e+01
4.915000000000e+01  8.770629683853e-01 3.011164314661e+01 -2.522302801560e+01 5.096561969604e+01
4.920000000000e+01  1.181143072990e+00 3.145238579380e+01 -2.485524518530e+01 5.322763544073e+01
4.925000000000e+01  1.645803271724e+00 3.276575014214e+01 -2.423158326112e+01 5.546196165795e+01
4.930000000000e+01  2.266922243738e+00 3.403342977163e+01 -2.335676135997e+01 5.763940151381e+01
4.935000000000e+01  3.038303234661e+00 3.523771227780e+01 -2.223882055266e+01 5.973149254944e+01
4.940000000000e+01  3.951756009319e+00 3.636171370305e+01 -2.088901754476e+01 6.171088334328e+01
4.945000000000e+01  4.997205186288e+00 3.738960200464e+01 -1.932167580176e+01 6.355169547042e+01
4.950000000000e+01  6.162823520599e+00 3.830680660183e+01 -1.755399608885e+01 6.522986596886e+01
4.955000000000e+01  7.435188370721e+00 3.910021122924e+01 -1.560582893256e+01 6.672346578035e+01
4.960000000000e+01  8.799459279146e+00 3.975832754400e+01 -1.349941201556e+01 6.801298995168e+01
4.965000000000e+01  1.023957431648e+01 4.027144718930e+01 -1.125907597983e+01 6.908161575597e+01
4.970000000000e+01  1.173846259060e+01 4.063177030189e+01 -8.910922531749e+00 6.991542531773e+01
4.975000000000e+01  1.327827010859e+01 4.083350876290e+01 -6.482479108913e+00 7.050358979575e+01
4.980000000000e+01  1.484059600232e+01 4.087296282544e+01 -4.002334678909e+00 7.083851268624e+01
4.985000000000e+01  1.640673599155e+01 4.074857010509e+01 -1.499761489834e+00 7.091593034964e+01
4.990000000000e+01  1.795792986250e+01 4.046092628473e+01 9.956722216718e-01 7.073496843090e+01
4.995000000000e+01  1.947560968675e+01 4.001277725990e+01 3.454493439470e+00 7.029815342654e+01
5.000000000000e+01  2.094164549569e+01 3.940898282845e+01 5.847714316789e+00 6.961137924523e+01
