0.00000000e+00  2.00000000e+01
5.00000000e-02  1.99879813e+01
1.00000000e-01  1.99519395e+01
1.50000000e-01  1.98919179e+01
2.00000000e-01  1.98079888e+01
2.50000000e-01  1.97002530e+01
3.00000000e-01  1.95688399e+01
3.50000000e-01  1.94139076e+01
4.00000000e-01  1.92356421e+01
4.50000000e-01  1.90342579e+01
5.00000000e-01  1.88099968e+01
5.50000000e-01  1.85631285e+01
6.00000000e-01  1.82939496e+01
6.50000000e-01  1.80027837e+01
7.00000000e-01  1.76899807e+01
7.50000000e-01  1.73559166e+01
8.00000000e-01  1.70009928e+01
8.50000000e-01  1.66256360e+01
9.00000000e-01  1.62302973e+01
9.50000000e-01  1.58154517e+01
1.00000000e+00  1.53815980e+01
1.05000000e+00  1.49292575e+01
1.10000000e+00  1.44589740e+01
1.15000000e+00  1.39713125e+01
1.20000000e+00  1.34668593e+01
1.25000000e+00  1.29462206e+01
1.30000000e+00  1.24100222e+01
1.35000000e+00  1.18589085e+01
1.40000000e+00  1.12935419e+01
1.45000000e+00  1.07146018e+01
1.50000000e+00  1.01227841e+01
1.55000000e+00  9.51880016e+00
1.60000000e+00  8.90337578e+00
1.65000000e+00  8.27725066e+00
1.70000000e+00  7.64117732e+00
1.75000000e+00  6.99592024e+00
1.80000000e+00  6.34225495e+00
1.85000000e+00  5.68096706e+00
1.90000000e+00  5.01285136e+00
1.95000000e+00  4.33871084e+00
2.00000000e+00  3.65935573e+00
2.05000000e+00  2.97560254e+00
2.10000000e+00  2.28827305e+00
2.15000000e+00  1.59819334e+00
2.20000000e+00  9.06192801e-01
2.25000000e+00  2.13103133e-01
2.30000000e+00  -4.80242658e-01
2.35000000e+00  -1.17301126e+00
2.40000000e+00  -1.86437005e+00
2.45000000e+00  -2.55348809e+00
2.50000000e+00  -3.23953717e+00
2.55000000e+00  -3.92169273e+00
2.60000000e+00  -4.59913490e+00
2.65000000e+00  -5.27104950e+00
2.70000000e+00  -5.93662895e+00
2.75000000e+00  -6.59507332e+00
2.80000000e+00  -7.24559123e+00
2.85000000e+00  -7.88740086e+00
2.90000000e+00  -8.51973082e+00
2.95000000e+00  -9.14182113e+00
3.00000000e+00  -9.75292411e+00
3.05000000e+00  -1.03523053e+01
3.10000000e+00  -1.09392443e+01
3.15000000e+00  -1.15130358e+01
3.20000000e+00  -1.20729900e+01
3.25000000e+00  -1.26184339e+01
3.30000000e+00  -1.31487121e+01
3.35000000e+00  -1.36631872e+01
3.40000000e+00  -1.41612409e+01
3.45000000e+00  -1.46422745e+01
3.50000000e+00  -1.51057100e+01
3.55000000e+00  -1.55509903e+01
3.60000000e+00  -1.59775802e+01
3.65000000e+00  -1.63849671e+01
3.70000000e+00  -1.67726613e+01
3.75000000e+00  -1.71401969e+01
3.80000000e+00  -1.74871321e+01
3.85000000e+00  -1.78130500e+01
3.90000000e+00  -1.81175588e+01
3.95000000e+00  -1.84002926e+01
4.00000000e+00  -1.86609115e+01
4.05000000e+00  -1.88991024e+01
4.10000000e+00  -1.91145789e+01
4.15000000e+00  -1.93070821e+01
4.20000000e+00  -1.94763806e+01
4.25000000e+00  -1.96222710e+01
4.30000000e+00  -1.97445778e+01
4.35000000e+00  -1.98431541e+01
4.40000000e+00  -1.99178814e+01
4.45000000e+00  -1.99686700e+01
4.50000000e+00  -1.99954587e+01
4.55000000e+00  -1.99982154e+01
4.60000000e+00  -1.99769367e+01
4.65000000e+00  -1.99316482e+01
4.70000000e+00  -1.98624044e+01
4.75000000e+00  -1.97692885e+01
4.80000000e+00  -1.96524124e+01
4.85000000e+00  -1.95119166e+01
4.90000000e+00  -1.93479698e+01
4.95000000e+00  -1.91607693e+01
5.00000000e+00  -1.89505399e+01
5.05000000e+00  -1.87175343e+01
5.10000000e+00  -1.84620326e+01
5.15000000e+00  -1.81843418e+01
5.20000000e+00  -1.78847958e+01
5.25000000e+00  -1.75637545e+01
5.30000000e+00  -1.72216037e+01
5.35000000e+00  -1.68587547e+01
5.40000000e+00  -1.64756436e+01
5.45000000e+00  -1.60727309e+01
5.50000000e+00  -1.56505008e+01
5.55000000e+00  -1.52094607e+01
5.60000000e+00  -1.47501407e+01
5.65000000e+00  -1.42730930e+01
5.70000000e+00  -1.37788907e+01
5.75000000e+00  -1.32681280e+01
5.80000000e+00  -1.27414187e+01
5.85000000e+00  -1.21993957e+01
5.90000000e+00  -1.16427106e+01
5.95000000e+00  -1.10720325e+01
6.00000000e+00  -1.04880471e+01
6.05000000e+00  -9.89145641e+00
6.10000000e+00  -9.28297745e+00
6.15000000e+00  -8.66334150e+00
6.20000000e+00  -8.03329331e+00
6.25000000e+00  -7.39359011e+00
6.30000000e+00  -6.74500073e+00
6.35000000e+00  -6.08830472e+00
6.40000000e+00  -5.42429132e+00
6.45000000e+00  -4.75375861e+00
6.50000000e+00  -4.07751247e+00
6.55000000e+00  -3.39636568e+00
6.60000000e+00  -2.71113688e+00
6.65000000e+00  -2.02264963e+00
6.70000000e+00  -1.33173141e+00
6.75000000e+00  -6.39212621e-01
6.80000000e+00  5.40744237e-02
6.85000000e+00  7.47296478e-01
6.90000000e+00  1.43962038e+00
6.95000000e+00  2.13021403e+00
7.00000000e+00  2.81824743e+00
7.05000000e+00  3.50289366e+00
7.10000000e+00  4.18332984e+00
7.15000000e+00  4.85873819e+00
7.20000000e+00  5.52830694e+00
7.25000000e+00  6.19123137e+00
7.30000000e+00  6.84671471e+00
7.35000000e+00  7.49396915e+00
7.40000000e+00  8.13221679e+00
7.45000000e+00  8.76069052e+00
7.50000000e+00  9.37863499e+00
7.55000000e+00  9.98530753e+00
7.60000000e+00  1.05799790e+01
7.65000000e+00  1.11619346e+01
7.70000000e+00  1.17304750e+01
7.75000000e+00  1.22849168e+01
7.80000000e+00  1.28245938e+01
7.85000000e+00  1.33488571e+01
7.90000000e+00  1.38570768e+01
7.95000000e+00  1.43486420e+01
8.00000000e+00  1.48229620e+01
8.05000000e+00  1.52794666e+01
8.10000000e+00  1.57176072e+01
8.15000000e+00  1.61368573e+01
8.20000000e+00  1.65367128e+01
8.25000000e+00  1.69166933e+01
8.30000000e+00  1.72763421e+01
8.35000000e+00  1.76152268e+01
8.40000000e+00  1.79329403e+01
8.45000000e+00  1.82291006e+01
8.50000000e+00  1.85033518e+01
8.55000000e+00  1.87553643e+01
8.60000000e+00  1.89848352e+01
8.65000000e+00  1.91914888e+01
8.70000000e+00  1.93750765e+01
8.75000000e+00  1.95353779e+01
8.80000000e+00  1.96722001e+01
8.85000000e+00  1.97853789e+01
8.90000000e+00  1.98747781e+01
8.95000000e+00  1.99402903e+01
9.00000000e+00  1.99818368e+01
9.05000000e+00  1.99993677e+01
9.10000000e+00  1.99928618e+01
9.15000000e+00  1.99623270e+01
9.20000000e+00  1.99077999e+01
9.25000000e+00  1.98293462e+01
9.30000000e+00  1.97270602e+01
9.35000000e+00  1.96010646e+01
9.40000000e+00  1.94515110e+01
9.45000000e+00  1.92785792e+01
9.50000000e+00  1.90824769e+01
9.55000000e+00  1.88634399e+01
9.60000000e+00  1.86217314e+01
9.65000000e+00  1.83576419e+01
9.70000000e+00  1.80714888e+01
9.75000000e+00  1.77636161e+01
9.80000000e+00  1.74343937e+01
9.85000000e+00  1.70842174e+01
9.90000000e+00  1.67135080e+01
9.95000000e+00  1.63227110e+01
1.00000000e+01  1.59122962e+01
1.00500000e+01  1.54827568e+01
1.01000000e+01  1.50346091e+01
1.01500000e+01  1.45683916e+01
1.02000000e+01  1.40846648e+01
1.02500000e+01  1.35840100e+01
1.03000000e+01  1.30670289e+01
1.03500000e+01  1.25343428e+01
1.04000000e+01  1.19865921e+01
1.04500000e+01  1.14244350e+01
1.05000000e+01  1.08485471e+01
1.05500000e+01  1.02596207e+01
1.06000000e+01  9.65836344e+00
1.06500000e+01  9.04549807e+00
1.07000000e+01  8.42176114e+00
1.07500000e+01  7.78790232e+00
1.08000000e+01  7.14468341e+00
1.08500000e+01  6.49287750e+00
1.09000000e+01  5.83326795e+00
1.09500000e+01  5.16664755e+00
1.10000000e+01  4.49381749e+00
1.10500000e+01  3.81558642e+00
1.11000000e+01  3.13276950e+00
1.11500000e+01  2.44618738e+00
1.12000000e+01  1.75666525e+00
1.12500000e+01  1.06503182e+00
1.13000000e+01  3.72118367e-01
1.13500000e+01  -3.21242329e-01
1.14000000e+01  -1.01421693e+00
1.14500000e+01  -1.70597257e+00
1.15000000e+01  -2.39567785e+00
1.15500000e+01  -3.08250382e+00
1.16000000e+01  -3.76562501e+00
1.16500000e+01  -4.44422039e+00
1.17000000e+01  -5.11747438e+00
1.17500000e+01  -5.78457780e+00
1.18000000e+01  -6.44472888e+00
1.18500000e+01  -7.09713421e+00
1.19000000e+01  -7.74100968e+00
1.19500000e+01  -8.37558142e+00
1.20000000e+01  -9.00008676e+00
1.20500000e+01  -9.61377513e+00
1.21000000e+01  -1.02159089e+01
1.21500000e+01  -1.08057645e+01
1.22000000e+01  -1.13826329e+01
1.22500000e+01  -1.19458208e+01
1.23000000e+01  -1.24946513e+01
1.23500000e+01  -1.30284649e+01
1.24000000e+01  -1.35466198e+01
1.24500000e+01  -1.40484934e+01
1.25000000e+01  -1.45334825e+01
1.25500000e+01  -1.50010041e+01
1.26000000e+01  -1.54504965e+01
1.26500000e+01  -1.58814192e+01
1.27000000e+01  -1.62932545e+01
1.27500000e+01  -1.66855074e+01
1.28000000e+01  -1.70577063e+01
1.28500000e+01  -1.74094040e+01
1.29000000e+01  -1.77401778e+01
1.29500000e+01  -1.80496302e+01
1.30000000e+01  -1.83373891e+01
1.30500000e+01  -1.86031089e+01
1.31000000e+01  -1.88464700e+01
1.31500000e+01  -1.90671800e+01
1.32000000e+01  -1.92649736e+01
1.32500000e+01  -1.94396132e+01
1.33000000e+01  -1.95908888e+01
1.33500000e+01  -1.97186186e+01
1.34000000e+01  -1.98226491e+01
1.34500000e+01  -1.99028552e+01
1.35000000e+01  -1.99591407e+01
1.35500000e+01  -1.99914377e+01
1.36000000e+01  -1.99997075e+01
1.36500000e+01  -1.99839402e+01
1.37000000e+01  -1.99441547e+01
1.37500000e+01  -1.98803989e+01
1.38000000e+01  -1.97927493e+01
1.38500000e+01  -1.96813112e+01
1.39000000e+01  -1.95462188e+01
1.39500000e+01  -1.93876342e+01
1.40000000e+01  -1.92057481e+01
1.40500000e+01  -1.90007791e+01
1.41000000e+01  -1.87729735e+01
1.41500000e+01  -1.85226052e+01
1.42000000e+01  -1.82499751e+01
1.42500000e+01  -1.79554107e+01
1.43000000e+01  -1.76392662e+01
1.43500000e+01  -1.73019216e+01
1.44000000e+01  -1.69437822e+01
1.44500000e+01  -1.65652784e+01
1.45000000e+01  -1.61668653e+01
1.45500000e+01  -1.57490217e+01
1.46000000e+01  -1.53122497e+01
1.46500000e+01  -1.48570743e+01
1.47000000e+01  -1.43840426e+01
1.47500000e+01  -1.38937230e+01
1.48000000e+01  -1.33867049e+01
1.48500000e+01  -1.28635977e+01
1.49000000e+01  -1.23250301e+01
1.49500000e+01  -1.17716493e+01
1.50000000e+01  -1.12041205e+01
1.50500000e+01  -1.06231257e+01
1.51000000e+01  -1.00293633e+01
1.51500000e+01  -9.42354681e+00
1.52000000e+01  -8.80640441e+00
1.52500000e+01  -8.17867782e+00
1.53000000e+01  -7.54112148e+00
1.53500000e+01  -6.89450167e+00
1.54000000e+01  -6.23959552e+00
1.54500000e+01  -5.57719017e+00
1.55000000e+01  -4.90808173e+00
1.55500000e+01  -4.23307439e+00
1.56000000e+01  -3.55297943e+00
1.56500000e+01  -2.86861424e+00
1.57000000e+01  -2.18080132e+00
1.57500000e+01  -1.49036736e+00
1.58000000e+01  -7.98142167e-01
1.58500000e+01  -1.04957704e-01
1.59000000e+01  5.88352905e-01
1.59500000e+01  1.28095639e+00
1.60000000e+01  1.97202032e+00
1.60500000e+01  2.66071413e+00
1.61000000e+01  3.34621010e+00
1.61500000e+01  4.02768434e+00
1.62000000e+01  4.70431781e+00
1.62500000e+01  5.37529728e+00
1.63000000e+01  6.03981632e+00
1.63500000e+01  6.69707626e+00
1.64000000e+01  7.34628715e+00
1.64500000e+01  7.98666872e+00
1.65000000e+01  8.61745132e+00
1.65500000e+01  9.23787683e+00
1.66000000e+01  9.84719956e+00
1.66500000e+01  1.04446872e+01
1.67000000e+01  1.10296216e+01
1.67500000e+01  1.16012998e+01
1.68000000e+01  1.21590347e+01
1.68500000e+01  1.27021560e+01
1.69000000e+01  1.32300109e+01
1.69500000e+01  1.37419649e+01
1.70000000e+01  1.42374029e+01
1.70500000e+01  1.47157292e+01
1.71000000e+01  1.51763691e+01
1.71500000e+01  1.56187689e+01
1.72000000e+01  1.60423970e+01
1.72500000e+01  1.64467440e+01
1.73000000e+01  1.68313242e+01
1.73500000e+01  1.71956751e+01
1.74000000e+01  1.75393591e+01
1.74500000e+01  1.78619629e+01
1.75000000e+01  1.81630989e+01
1.75500000e+01  1.84424052e+01
1.76000000e+01  1.86995459e+01
1.76500000e+01  1.89342122e+01
1.77000000e+01  1.91461219e+01
1.77500000e+01  1.93350204e+01
1.78000000e+01  1.95006806e+01
1.78500000e+01  1.96429035e+01
1.79000000e+01  1.97615180e+01
1.79500000e+01  1.98563817e+01
1.80000000e+01  1.99273804e+01
1.80500000e+01  1.99744290e+01
1.81000000e+01  1.99974708e+01
1.81500000e+01  1.99964782e+01
1.82000000e+01  1.99714523e+01
1.82500000e+01  1.99224232e+01
1.83000000e+01  1.98494499e+01
1.83500000e+01  1.97526200e+01
1.84000000e+01  1.96320499e+01
1.84500000e+01  1.94878846e+01
1.85000000e+01  1.93202973e+01
1.85500000e+01  1.91294894e+01
1.86000000e+01  1.89156903e+01
1.86500000e+01  1.86791569e+01
1.87000000e+01  1.84201735e+01
1.87500000e+01  1.81390513e+01
1.88000000e+01  1.78361283e+01
1.88500000e+01  1.75117685e+01
1.89000000e+01  1.71663617e+01
1.89500000e+01  1.68003231e+01
1.90000000e+01  1.64140927e+01
1.90500000e+01  1.60081345e+01
1.91000000e+01  1.55829366e+01
1.91500000e+01  1.51390100e+01
1.92000000e+01  1.46768881e+01
1.92500000e+01  1.41971265e+01
1.93000000e+01  1.37003017e+01
1.93500000e+01  1.31870109e+01
1.94000000e+01  1.26578709e+01
1.94500000e+01  1.21135178e+01
1.95000000e+01  1.15546057e+01
1.95500000e+01  1.09818065e+01
1.96000000e+01  1.03958085e+01
1.96500000e+01  9.79731603e+00
1.97000000e+01  9.18704843e+00
1.97500000e+01  8.56573914e+00
1.98000000e+01  7.93413491e+00
1.98500000e+01  7.29299484e+00
1.99000000e+01  6.64308951e+00
1.99500000e+01  5.98520002e+00
2.00000000e+01  5.32011707e+00
2.00500000e+01  4.64864000e+00
2.01000000e+01  3.97157585e+00
2.01500000e+01  3.28973837e+00
2.02000000e+01  2.60394703e+00
2.02500000e+01  1.91502608e+00
2.03000000e+01  1.22380351e+00
2.03500000e+01  5.31110072e-01
2.04000000e+01  -1.62221689e-01
2.04500000e+01  -8.55358481e-01
2.05000000e+01  -1.54746724e+00
2.05500000e+01  -2.23771613e+00
2.06000000e+01  -2.92527558e+00
2.06500000e+01  -3.60931920e+00
2.07000000e+01  -4.28902488e+00
2.07500000e+01  -4.96357569e+00
2.08000000e+01  -5.63216090e+00
2.08500000e+01  -6.29397696e+00
2.09000000e+01  -6.94822846e+00
2.09500000e+01  -7.59412905e+00
2.10000000e+01  -8.23090245e+00
2.10500000e+01  -8.85778334e+00
2.11000000e+01  -9.47401828e+00
2.11500000e+01  -1.00788666e+01
2.12000000e+01  -1.06716015e+01
2.12500000e+01  -1.12515104e+01
2.13000000e+01  -1.18178964e+01
2.13500000e+01  -1.23700787e+01
2.14000000e+01  -1.29073938e+01
2.14500000e+01  -1.34291958e+01
2.15000000e+01  -1.39348576e+01
2.15500000e+01  -1.44237715e+01
2.16000000e+01  -1.48953498e+01
2.16500000e+01  -1.53490257e+01
2.17000000e+01  -1.57842541e+01
2.17500000e+01  -1.62005117e+01
2.18000000e+01  -1.65972984e+01
2.18500000e+01  -1.69741372e+01
2.19000000e+01  -1.73305752e+01
2.19500000e+01  -1.76661840e+01
2.20000000e+01  -1.79805603e+01
2.20500000e+01  -1.82733262e+01
2.21000000e+01  -1.85441299e+01
2.21500000e+01  -1.87926459e+01
2.22000000e+01  -1.90185754e+01
2.22500000e+01  -1.92216470e+01
2.23000000e+01  -1.94016166e+01
2.23500000e+01  -1.95582679e+01
2.24000000e+01  -1.96914126e+01
2.24500000e+01  -1.98008907e+01
2.25000000e+01  -1.98865706e+01
2.25500000e+01  -1.99483494e+01
2.26000000e+01  -1.99861527e+01
2.26500000e+01  -1.99999352e+01
2.27000000e+01  -1.99896802e+01
2.27500000e+01  -1.99554002e+01
2.28000000e+01  -1.98971363e+01
2.28500000e+01  -1.98149585e+01
2.29000000e+01  -1.97089656e+01
2.29500000e+01  -1.95792851e+01
2.30000000e+01  -1.94260727e+01
2.30500000e+01  -1.92495125e+01
2.31000000e+01  -1.90498169e+01
2.31500000e+01  -1.88272258e+01
2.32000000e+01  -1.85820067e+01
2.32500000e+01  -1.83144544e+01
2.33000000e+01  -1.80248904e+01
2.33500000e+01  -1.77136627e+01
2.34000000e+01  -1.73811455e+01
2.34500000e+01  -1.70277383e+01
2.35000000e+01  -1.66538659e+01
2.35500000e+01  -1.62599776e+01
2.36000000e+01  -1.58465468e+01
2.36500000e+01  -1.54140706e+01
2.37000000e+01  -1.49630685e+01
2.37500000e+01  -1.44940827e+01
2.38000000e+01  -1.40076768e+01
2.38500000e+01  -1.35044355e+01
2.39000000e+01  -1.29849635e+01
2.39500000e+01  -1.24498852e+01
2.40000000e+01  -1.18998437e+01
2.40500000e+01  -1.13355001e+01
2.41000000e+01  -1.07575327e+01
2.41500000e+01  -1.01666360e+01
2.42000000e+01  -9.56352033e+00
2.42500000e+01  -8.94891050e+00
2.43000000e+01  -8.32354521e+00
2.43500000e+01  -7.68817605e+00
2.44000000e+01  -7.04356667e+00
2.44500000e+01  -6.39049181e+00
2.45000000e+01  -5.72973638e+00
2.45500000e+01  -5.06209453e+00
2.46000000e+01  -4.38836867e+00
2.46500000e+01  -3.70936854e+00
2.47000000e+01  -3.02591022e+00
2.47500000e+01  -2.33881513e+00
2.48000000e+01  -1.64890908e+00
2.48500000e+01  -9.57021246e-01
2.49000000e+01  -2.63983195e-01
2.49500000e+01  4.29372132e-01
2.50000000e+01  1.12221141e+00
2.50500000e+01  1.81370192e+00
2.51000000e+01  2.50301260e+00
2.51500000e+01  3.18931497e+00
2.52000000e+01  3.87178418e+00
2.52500000e+01  4.54959999e+00
2.53000000e+01  5.22194775e+00
2.53500000e+01  5.88801939e+00
2.54000000e+01  6.54701437e+00
2.54500000e+01  7.19814065e+00
2.55000000e+01  7.84061568e+00
2.55500000e+01  8.47366726e+00
2.56000000e+01  9.09653457e+00
2.56500000e+01  9.70846897e+00
2.57000000e+01  1.03087350e+01
2.57500000e+01  1.08966113e+01
2.58000000e+01  1.14713911e+01
2.58500000e+01  1.20323838e+01
2.59000000e+01  1.25789151e+01
2.59500000e+01  1.31103281e+01
2.60000000e+01  1.36259842e+01
2.60500000e+01  1.41252635e+01
2.61000000e+01  1.46075660e+01
2.61500000e+01  1.50723121e+01
2.62000000e+01  1.55189431e+01
2.62500000e+01  1.59469223e+01
2.63000000e+01  1.63557353e+01
2.63500000e+01  1.67448908e+01
2.64000000e+01  1.71139210e+01
2.64500000e+01  1.74623824e+01
2.65000000e+01  1.77898562e+01
2.65500000e+01  1.80959489e+01
2.66000000e+01  1.83802925e+01
2.66500000e+01  1.86425452e+01
2.67000000e+01  1.88823920e+01
2.67500000e+01  1.90995445e+01
2.68000000e+01  1.92937418e+01
2.68500000e+01  1.94647504e+01
2.69000000e+01  1.96123648e+01
2.69500000e+01  1.97364076e+01
2.70000000e+01  1.98367297e+01
2.70500000e+01  1.99132106e+01
2.71000000e+01  1.99657582e+01
2.71500000e+01  1.99943096e+01
2.72000000e+01  1.99988303e+01
2.72500000e+01  1.99793149e+01
2.73000000e+01  1.99357868e+01
2.73500000e+01  1.98682985e+01
2.74000000e+01  1.97769309e+01
2.74500000e+01  1.96617940e+01
2.75000000e+01  1.95230260e+01
2.75500000e+01  1.93607939e+01
2.76000000e+01  1.91752924e+01
2.76500000e+01  1.89667447e+01
2.77000000e+01  1.87354013e+01
2.77500000e+01  1.84815404e+01
2.78000000e+01  1.82054669e+01
2.78500000e+01  1.79075127e+01
2.79000000e+01  1.75880360e+01
2.79500000e+01  1.72474206e+01
2.80000000e+01  1.68860760e+01
2.80500000e+01  1.65044365e+01
2.81000000e+01  1.61029607e+01
2.81500000e+01  1.56821312e+01
2.82000000e+01  1.52424537e+01
2.82500000e+01  1.47844567e+01
2.83000000e+01  1.43086906e+01
2.83500000e+01  1.38157273e+01
2.84000000e+01  1.33061592e+01
2.84500000e+01  1.27805987e+01
2.85000000e+01  1.22396776e+01
2.85500000e+01  1.16840459e+01
2.86000000e+01  1.11143715e+01
2.86500000e+01  1.05313390e+01
2.87000000e+01  9.93564916e+00
2.87500000e+01  9.32801790e+00
2.88000000e+01  8.70917554e+00
2.88500000e+01  8.07986583e+00
2.89000000e+01  7.44084515e+00
2.89500000e+01  6.79288150e+00
2.90000000e+01  6.13675365e+00
2.90500000e+01  5.47325020e+00
2.91000000e+01  4.80316859e+00
2.91500000e+01  4.12731417e+00
2.92000000e+01  3.44649924e+00
2.92500000e+01  2.76154205e+00
2.93000000e+01  2.07326583e+00
2.93500000e+01  1.38249781e+00
2.94000000e+01  6.90068195e-01
2.94500000e+01  -3.19079325e-03
2.95000000e+01  -6.96445947e-01
2.95500000e+01  -1.38886406e+00
2.96000000e+01  -2.07961293e+00
2.96500000e+01  -2.76786237e+00
2.97000000e+01  -3.45278518e+00
2.97500000e+01  -4.13355818e+00
2.98000000e+01  -4.80936317e+00
2.98500000e+01  -5.47938790e+00
2.99000000e+01  -6.14282709e+00
2.99500000e+01  -6.79888337e+00
3.00000000e+01  -7.44676825e+00
3.00500000e+01  -8.08570305e+00
3.01000000e+01  -8.71491985e+00
3.01500000e+01  -9.33366241e+00
3.02000000e+01  -9.94118707e+00
3.02500000e+01  -1.05367637e+01
3.03000000e+01  -1.11196764e+01
3.03500000e+01  -1.16892247e+01
3.04000000e+01  -1.22447240e+01
3.04500000e+01  -1.27855067e+01
3.05000000e+01  -1.33109228e+01
3.05500000e+01  -1.38203408e+01
3.06000000e+01  -1.43131485e+01
3.06500000e+01  -1.47887536e+01
3.07000000e+01  -1.52465845e+01
3.07500000e+01  -1.56860909e+01
3.08000000e+01  -1.61067446e+01
3.08500000e+01  -1.65080400e+01
3.09000000e+01  -1.68894948e+01
3.09500000e+01  -1.72506506e+01
3.10000000e+01  -1.75910732e+01
3.10500000e+01  -1.79103536e+01
3.11000000e+01  -1.82081080e+01
3.11500000e+01  -1.84839785e+01
3.12000000e+01  -1.87376336e+01
3.12500000e+01  -1.89687684e+01
3.13000000e+01  -1.91771051e+01
3.13500000e+01  -1.93623933e+01
3.14000000e+01  -1.95244104e+01
3.14500000e+01  -1.96629616e+01
3.15000000e+01  -1.97778804e+01
3.15500000e+01  -1.98690286e+01
3.16000000e+01  -1.99362968e+01
3.16500000e+01  -1.99796040e+01
3.17000000e+01  -1.99988982e+01
3.17500000e+01  -1.99941563e+01
3.18000000e+01  -1.99653839e+01
3.18500000e+01  -1.99126157e+01
3.19000000e+01  -1.98359149e+01
3.19500000e+01  -1.97353739e+01
3.20000000e+01  -1.96111134e+01
3.20500000e+01  -1.94632829e+01
3.21000000e+01  -1.92920599e+01
3.21500000e+01  -1.90976502e+01
3.22000000e+01  -1.88802876e+01
3.22500000e+01  -1.86402333e+01
3.23000000e+01  -1.83777757e+01
3.23500000e+01  -1.80932304e+01
3.24000000e+01  -1.77869392e+01
3.24500000e+01  -1.74592704e+01
3.25000000e+01  -1.71106178e+01
3.25500000e+01  -1.67414003e+01
3.26000000e+01  -1.63520617e+01
3.26500000e+01  -1.59430700e+01
3.27000000e+01  -1.55149168e+01
3.27500000e+01  -1.50681166e+01
3.28000000e+01  -1.46032064e+01
3.28500000e+01  -1.41207449e+01
3.29000000e+01  -1.36213121e+01
3.29500000e+01  -1.31055082e+01
3.30000000e+01  -1.25739531e+01
3.30500000e+01  -1.20272857e+01
3.31000000e+01  -1.14661630e+01
3.31500000e+01  -1.08912594e+01
3.32000000e+01  -1.03032659e+01
3.32500000e+01  -9.70288917e+00
3.33000000e+01  -9.09085077e+00
3.33500000e+01  -8.46788631e+00
3.34000000e+01  -7.83474451e+00
3.34500000e+01  -7.19218633e+00
3.35000000e+01  -6.54098404e+00
3.35500000e+01  -5.88192031e+00
3.36000000e+01  -5.21578725e+00
3.36500000e+01  -4.54338547e+00
3.37000000e+01  -3.86552311e+00
3.37500000e+01  -3.18301487e+00
3.38000000e+01  -2.49668105e+00
3.38500000e+01  -1.80734654e+00
3.39000000e+01  -1.11583981e+00
3.39500000e+01  -4.22991993e-01
3.40000000e+01  2.70364211e-01
3.40500000e+01  9.63395472e-01
3.41000000e+01  1.65526885e+00
3.41500000e+01  2.34515281e+00
3.42000000e+01  3.03221818e+00
3.42500000e+01  3.71563921e+00
3.43000000e+01  4.39459451e+00
3.43500000e+01  5.06826805e+00
3.44000000e+01  5.73585017e+00
3.44500000e+01  6.39653852e+00
3.45000000e+01  7.04953904e+00
3.45500000e+01  7.69406689e+00
3.46000000e+01  8.32934743e+00
3.46500000e+01  8.95461715e+00
3.47000000e+01  9.56912454e+00
3.47500000e+01  1.01721310e+01
3.48000000e+01  1.07629119e+01
3.48500000e+01  1.13407571e+01
3.49000000e+01  1.19049722e+01
3.49500000e+01  1.24548789e+01
3.50000000e+01  1.29898165e+01
3.50500000e+01  1.35091419e+01
3.51000000e+01  1.40122310e+01
3.51500000e+01  1.44984792e+01
3.52000000e+01  1.49673020e+01
3.52500000e+01  1.54181360e+01
3.53000000e+01  1.58504394e+01
3.53500000e+01  1.62636925e+01
3.54000000e+01  1.66573987e+01
3.54500000e+01  1.70310847e+01
3.55000000e+01  1.73843016e+01
3.55500000e+01  1.77166247e+01
3.56000000e+01  1.80276546e+01
3.56500000e+01  1.83170176e+01
3.57000000e+01  1.85843658e+01
3.57500000e+01  1.88293779e+01
3.58000000e+01  1.90517595e+01
3.58500000e+01  1.92512432e+01
3.59000000e+01  1.94275894e+01
3.59500000e+01  1.95805861e+01
3.60000000e+01  1.97100493e+01
3.60500000e+01  1.98158235e+01
3.61000000e+01  1.98977816e+01
3.61500000e+01  1.99558251e+01
3.62000000e+01  1.99898841e+01
3.62500000e+01  1.99999178e+01
3.63000000e+01  1.99859142e+01
3.63500000e+01  1.99478899e+01
3.64000000e+01  1.98858908e+01
3.64500000e+01  1.97999914e+01
3.65000000e+01  1.96902948e+01
3.65500000e+01  1.95569330e+01
3.66000000e+01  1.94000662e+01
3.66500000e+01  1.92198830e+01
3.67000000e+01  1.90165999e+01
3.67500000e+01  1.87904612e+01
3.68000000e+01  1.85417387e+01
3.68500000e+01  1.82707314e+01
3.69000000e+01  1.79777649e+01
3.69500000e+01  1.76631914e+01
3.70000000e+01  1.73273890e+01
3.70500000e+01  1.69707613e+01
3.71000000e+01  1.65937368e+01
3.71500000e+01  1.61967687e+01
3.72000000e+01  1.57803342e+01
3.72500000e+01  1.53449336e+01
3.73000000e+01  1.48910904e+01
3.73500000e+01  1.44193499e+01
3.74000000e+01  1.39302792e+01
3.74500000e+01  1.34244661e+01
3.75000000e+01  1.29025184e+01
3.75500000e+01  1.23650635e+01
3.76000000e+01  1.18127474e+01
3.76500000e+01  1.12462338e+01
3.77000000e+01  1.06662037e+01
3.77500000e+01  1.00733541e+01
3.78000000e+01  9.46839759e+00
3.78500000e+01  8.85206127e+00
3.79000000e+01  8.22508588e+00
3.79500000e+01  7.58822498e+00
3.80000000e+01  6.94224398e+00
3.80500000e+01  6.28791927e+00
3.81000000e+01  5.62603727e+00
3.81500000e+01  4.95739348e+00
3.82000000e+01  4.28279153e+00
3.82500000e+01  3.60304220e+00
3.83000000e+01  2.91896246e+00
3.83500000e+01  2.23137449e+00
3.84000000e+01  1.54110470e+00
3.84500000e+01  8.48982686e-01
3.85000000e+01  1.55840304e-01
3.85500000e+01  -5.37489378e-01
3.86000000e+01  -1.23017307e+00
3.86500000e+01  -1.92137824e+00
3.87000000e+01  -2.61027416e+00
3.87500000e+01  -3.29603285e+00
3.88000000e+01  -3.97783013e+00
3.88500000e+01  -4.65484656e+00
3.89000000e+01  -5.32626844e+00
3.89500000e+01  -5.99128882e+00
3.90000000e+01  -6.64910841e+00
3.90500000e+01  -7.29893662e+00
3.91000000e+01  -7.93999242e+00
3.91500000e+01  -8.57150534e+00
3.92000000e+01  -9.19271639e+00
3.92500000e+01  -9.80287894e+00
3.93000000e+01  -1.04012597e+01
3.93500000e+01  -1.09871394e+01
3.94000000e+01  -1.15598139e+01
3.94500000e+01  -1.21185950e+01
3.95000000e+01  -1.26628111e+01
3.95500000e+01  -1.31918081e+01
3.96000000e+01  -1.37049501e+01
3.96500000e+01  -1.42016206e+01
3.97000000e+01  -1.46812224e+01
3.97500000e+01  -1.51431793e+01
3.98000000e+01  -1.55869360e+01
3.98500000e+01  -1.60119591e+01
3.99000000e+01  -1.64177379e+01
3.99500000e+01  -1.68037846e+01
4.00000000e+01  -1.71696352e+01
4.00500000e+01  -1.75148502e+01
4.01000000e+01  -1.78390144e+01
4.01500000e+01  -1.81417384e+01
4.02000000e+01  -1.84226583e+01
4.02500000e+01  -1.86814365e+01
4.03000000e+01  -1.89177620e+01
4.03500000e+01  -1.91313506e+01
4.04000000e+01  -1.93219458e+01
4.04500000e+01  -1.94893184e+01
4.05000000e+01  -1.96332673e+01
4.05500000e+01  -1.97536195e+01
4.06000000e+01  -1.98502303e+01
4.06500000e+01  -1.99229836e+01
4.07000000e+01  -1.99717920e+01
4.07500000e+01  -1.99965968e+01
4.08000000e+01  -1.99973682e+01
4.08500000e+01  -1.99741053e+01
4.09000000e+01  -1.99268360e+01
4.09500000e+01  -1.98556171e+01
4.10000000e+01  -1.97605343e+01
4.10500000e+01  -1.96417018e+01
4.11000000e+01  -1.94992625e+01
4.11500000e+01  -1.93333874e+01
4.12000000e+01  -1.91442761e+01
4.12500000e+01  -1.89321557e+01
4.13000000e+01  -1.86972813e+01
4.13500000e+01  -1.84399351e+01
4.14000000e+01  -1.81604264e+01
4.14500000e+01  -1.78590911e+01
4.15000000e+01  -1.75362914e+01
4.15500000e+01  -1.71924154e+01
4.16000000e+01  -1.68278762e+01
4.16500000e+01  -1.64431120e+01
4.17000000e+01  -1.60385852e+01
4.17500000e+01  -1.56147821e+01
4.18000000e+01  -1.51722119e+01
4.18500000e+01  -1.47114067e+01
4.19000000e+01  -1.42329202e+01
4.19500000e+01  -1.37373275e+01
4.20000000e+01  -1.32252243e+01
4.20500000e+01  -1.26972260e+01
4.21000000e+01  -1.21539672e+01
4.21500000e+01  -1.15961009e+01
4.22000000e+01  -1.10242976e+01
4.22500000e+01  -1.04392444e+01
4.23000000e+01  -9.84164452e+00
4.23500000e+01  -9.23221625e+00
4.24000000e+01  -8.61169200e+00
4.24500000e+01  -7.98081759e+00
4.25000000e+01  -7.34035123e+00
4.25500000e+01  -6.69106270e+00
4.26000000e+01  -6.03373234e+00
4.26500000e+01  -5.36915020e+00
4.27000000e+01  -4.69811500e+00
4.27500000e+01  -4.02143327e+00
4.28000000e+01  -3.33991827e+00
4.28500000e+01  -2.65438912e+00
4.29000000e+01  -1.96566972e+00
4.29500000e+01  -1.27458783e+00
4.30000000e+01  -5.81974046e-01
4.30500000e+01  1.11339196e-01
4.31000000e+01  8.04518623e-01
4.31500000e+01  1.49673112e+00
4.32000000e+01  2.18714473e+00
4.32500000e+01  2.87492967e+00
4.33000000e+01  3.55925931e+00
4.33500000e+01  4.23931116e+00
4.34000000e+01  4.91426789e+00
4.34500000e+01  5.58331829e+00
4.35000000e+01  6.24565824e+00
4.35500000e+01  6.90049169e+00
4.36000000e+01  7.54703161e+00
4.36500000e+01  8.18450095e+00
4.37000000e+01  8.81213355e+00
4.37500000e+01  9.42917507e+00
4.38000000e+01  1.00348839e+01
4.38500000e+01  1.06285321e+01
4.39000000e+01  1.12094061e+01
4.39500000e+01  1.17768077e+01
4.40000000e+01  1.23300552e+01
4.40500000e+01  1.28684835e+01
4.41000000e+01  1.33914454e+01
4.41500000e+01  1.38983126e+01
4.42000000e+01  1.43884757e+01
4.42500000e+01  1.48613456e+01
4.43000000e+01  1.53163541e+01
4.43500000e+01  1.57529542e+01
4.44000000e+01  1.61706213e+01
4.44500000e+01  1.65688533e+01
4.45000000e+01  1.69471717e+01
4.45500000e+01  1.73051216e+01
4.46000000e+01  1.76422730e+01
4.46500000e+01  1.79582205e+01
4.47000000e+01  1.82525846e+01
4.47500000e+01  1.85250113e+01
4.48000000e+01  1.87751733e+01
4.48500000e+01  1.90027699e+01
4.49000000e+01  1.92075275e+01
4.49500000e+01  1.93892001e+01
4.50000000e+01  1.95475693e+01
4.50500000e+01  1.96824448e+01
4.51000000e+01  1.97936644e+01
4.51500000e+01  1.98810946e+01
4.52000000e+01  1.99446301e+01
4.52500000e+01  1.99841947e+01
4.53000000e+01  1.99997409e+01
4.53500000e+01  1.99912498e+01
4.54000000e+01  1.99587318e+01
4.54500000e+01  1.99022259e+01
4.55000000e+01  1.98217999e+01
4.55500000e+01  1.97175507e+01
4.56000000e+01  1.95896035e+01
4.56500000e+01  1.94381120e+01
4.57000000e+01  1.92632583e+01
4.57500000e+01  1.90652526e+01
4.58000000e+01  1.88443329e+01
4.58500000e+01  1.86007647e+01
4.59000000e+01  1.83348406e+01
4.59500000e+01  1.80468804e+01
4.60000000e+01  1.77372301e+01
4.60500000e+01  1.74062619e+01
4.61000000e+01  1.70543735e+01
4.61500000e+01  1.66819879e+01
4.62000000e+01  1.62895526e+01
4.62500000e+01  1.58775394e+01
4.63000000e+01  1.54464433e+01
4.63500000e+01  1.49967826e+01
4.64000000e+01  1.45290976e+01
4.64500000e+01  1.40439504e+01
4.65000000e+01  1.35419242e+01
4.65500000e+01  1.30236223e+01
4.66000000e+01  1.24896676e+01
4.66500000e+01  1.19407019e+01
4.67000000e+01  1.13773850e+01
4.67500000e+01  1.08003939e+01
4.68000000e+01  1.02104221e+01
4.68500000e+01  9.60817860e+00
4.69000000e+01  8.99438730e+00
4.69500000e+01  8.36978588e+00
4.70000000e+01  7.73512502e+00
4.70500000e+01  7.09116751e+00
4.71000000e+01  6.43868731e+00
4.71500000e+01  5.77846862e+00
4.72000000e+01  5.11130493e+00
4.72500000e+01  4.43799809e+00
4.73000000e+01  3.75935734e+00
4.73500000e+01  3.07619830e+00
4.74000000e+01  2.38934207e+00
4.74500000e+01  1.69961414e+00
4.75000000e+01  1.00784350e+00
4.75500000e+01  3.14861547e-01
4.76000000e+01  -3.78498826e-01
4.76500000e+01  -1.07140429e+00
4.77000000e+01  -1.76302206e+00
4.77500000e+01  -2.45252090e+00
4.78000000e+01  -3.13907212e+00
4.78500000e+01  -3.82185057e+00
4.79000000e+01  -4.50003563e+00
4.79500000e+01  -5.17281221e+00
4.80000000e+01  -5.83937172e+00
4.80500000e+01  -6.49891304e+00
4.81000000e+01  -7.15064348e+00
4.81500000e+01  -7.79377975e+00
4.82000000e+01  -8.42754886e+00
4.82500000e+01  -9.05118913e+00
4.83000000e+01  -9.66395099e+00
4.83500000e+01  -1.02650980e+01
4.84000000e+01  -1.08539077e+01
4.84500000e+01  -1.14296723e+01
4.85000000e+01  -1.19916998e+01
4.85500000e+01  -1.25393149e+01
4.86000000e+01  -1.30718593e+01
4.86500000e+01  -1.35886929e+01
4.87000000e+01  -1.40891947e+01
4.87500000e+01  -1.45727630e+01
4.88000000e+01  -1.50388166e+01
4.88500000e+01  -1.54867955e+01
4.89000000e+01  -1.59161612e+01
4.89500000e+01  -1.63263977e+01
4.90000000e+01  -1.67170119e+01
4.90500000e+01  -1.70875343e+01
4.91000000e+01  -1.74375197e+01
4.91500000e+01  -1.77665473e+01
4.92000000e+01  -1.80742218e+01
4.92500000e+01  -1.83601733e+01
4.93000000e+01  -1.86240583e+01
4.93500000e+01  -1.88655594e+01
4.94000000e+01  -1.90843865e+01
4.94500000e+01  -1.92802766e+01
4.95000000e+01  -1.94529941e+01
4.95500000e+01  -1.96023317e+01
4.96000000e+01  -1.97281096e+01
4.96500000e+01  -1.98301769e+01
4.97000000e+01  -1.99084108e+01
4.97500000e+01  -1.99627173e+01
4.98000000e+01  -1.99930310e+01
4.98500000e+01  -1.99993157e+01
4.99000000e+01  -1.99815637e+01
4.99500000e+01  -1.99397964e+01
5.00000000e+01  -1.98740639e+01
