0.000000000000e+00  2.000000000000e+01 0.000000000000e+00 0.000000000000e+00 5.000000000000e+00
5.000000000000e-02  1.998798125387e+01 -4.807016855202e-01 2.499499168745e-01 4.996995313467e+00
1.000000000000e-01  1.995193946098e+01 -9.608256278881e-01 4.995994252893e-01 4.987984865246e+00
1.500000000000e-01  1.989191793906e+01 -1.439794778338e+00 7.486484778442e-01 4.972979484765e+00
2.000000000000e-01  1.980798882644e+01 -1.917033476018e+00 9.967977488114e-01 4.951997206609e+00
2.500000000000e-01  1.970025299539e+01 -2.391968139866e+00 1.243748993888e+00 4.925063248847e+00
3.000000000000e-01  1.956883993087e+01 -2.864027957978e+00 1.489205408648e+00 4.892209982717e+00
3.500000000000e-01  1.941390757490e+01 -3.332645573653e+00 1.732871985263e+00 4.853476893726e+00
4.000000000000e-01  1.923564213675e+01 -3.797257767288e+00 1.974455867067e+00 4.808910534189e+00
4.500000000000e-01  1.903425786912e+01 -4.257306133293e+00 2.213666700532e+00 4.758564467280e+00
5.000000000000e-01  1.880999681064e+01 -4.712237751227e+00 2.450216984235e+00 4.702499202660e+00
5.500000000000e-01  1.856312849498e+01 -5.161505850341e+00 2.683822414402e+00 4.640782123744e+00
6.000000000000e-01  1.829394962689e+01 -5.604570466720e+00 2.914202226601e+00 4.573487406723e+00
6.500000000000e-01  1.800278372562e+01 -6.040899092263e+00 3.141079533192e+00 4.500695931405e+00
7.000000000000e-01  1.768998073607e+01 -6.469967314681e+00 3.364181656104e+00 4.422495184017e+00
7.500000000000e-01  1.735591660819e+01 -6.891259447782e+00 3.583240454565e+00 4.338979152048e+00
8.000000000000e-01  1.700099284519e+01 -7.304269151256e+00 3.797992647372e+00 4.250248211296e+00
8.500000000000e-01  1.662563602090e+01 -7.708500039235e+00 4.008180129322e+00 4.156409005225e+00
9.000000000000e-01  1.623029726716e+01 -8.103466276889e+00 4.213550281422e+00 4.057574316791e+00
9.500000000000e-01  1.581545173158e+01 -8.488693164331e+00 4.413856274503e+00 3.953862932894e+00
1.000000000000e+00  1.538159800645e+01 -8.863717707157e+00 4.608857365884e+00 3.845399501613e+00
1.050000000000e+00  1.492925752955e+01 -9.228089172896e+00 4.798319188708e+00 3.732314382389e+00
1.100000000000e+00  1.445897395741e+01 -9.581369632745e+00 4.982014033624e+00 3.614743489353e+00
1.150000000000e+00  1.397131251190e+01 -9.923134487896e+00 5.159721122467e+00 3.492828127974e+00
1.200000000000e+00  1.346685930091e+01 -1.025297297985e+01 5.331226873601e+00 3.366714825227e+00
1.250000000000e+00  1.294622061395e+01 -1.057048868412e+01 5.496325158624e+00 3.236555153487e+00
1.300000000000e+00  1.241002219342e+01 -1.087529998663e+01 5.654817550102e+00 3.102505548354e+00
1.350000000000e+00  1.185890848258e+01 -1.116704054243e+01 5.806513560057e+00 2.964727120644e+00
1.400000000000e+00  1.129354185099e+01 -1.144535971597e+01 5.951230868910e+00 2.823385462748e+00
1.450000000000e+00  1.071460179845e+01 -1.170992300249e+01 6.088795544605e+00 2.678650449612e+00
1.500000000000e+00  1.012278413829e+01 -1.196041243011e+01 6.219042251653e+00 2.530696034572e+00
1.550000000000e+00  9.518800161114e+00 -1.219652694195e+01 6.341814449848e+00 2.379700040278e+00
1.600000000000e+00  8.903375779924e+00 -1.241798275798e+01 6.456964582405e+00 2.225843944981e+00
1.650000000000e+00  8.277250657642e+00 -1.262451371608e+01 6.564354253305e+00 2.069312664410e+00
1.700000000000e+00  7.641177318143e+00 -1.281587159194e+01 6.663854393632e+00 1.910294329536e+00
1.750000000000e+00  6.995920241810e+00 -1.299182639740e+01 6.755345416696e+00 1.748980060453e+00
1.800000000000e+00  6.342254946728e+00 -1.315216665683e+01 6.838717361761e+00 1.585563736682e+00
1.850000000000e+00  5.680967056604e+00 -1.329669966137e+01 6.913870026206e+00 1.420241764151e+00
1.900000000000e+00  5.012851356549e+00 -1.342525170047e+01 6.980713085953e+00 1.253212839137e+00
1.950000000000e+00  4.338710837847e+00 -1.353766827069e+01 7.039166204026e+00 1.084677709462e+00
2.000000000000e+00  3.659355732855e+00 -1.363381426142e+01 7.089159127110e+00 9.148389332138e-01
2.050000000000e+00  2.975602541213e+00 -1.371357411723e+01 7.130631769981e+00 7.439006353032e-01
2.100000000000e+00  2.288273048506e+00 -1.377685197679e+01 7.163534287722e+00 5.720682621264e-01
2.150000000000e+00  1.598193338585e+00 -1.382357178803e+01 7.187827135635e+00 3.995483346463e-01
2.200000000000e+00  9.061928007194e-01 -1.385367739962e+01 7.203481116762e+00 2.265482001799e-01
2.250000000000e+00  2.131031327704e-01 -1.386713262837e+01 7.210477416983e+00 5.327578319260e-02
2.300000000000e+00  -4.802426584020e-01 -1.386392130280e+01 7.208807627621e+00 -1.200606646005e-01
2.350000000000e+00  -1.173011258110e+00 -1.384404728250e+01 7.198473755554e+00 -2.932528145275e-01
2.400000000000e+00  -1.864370045378e+00 -1.380753445357e+01 7.179488220801e+00 -4.660925113444e-01
2.450000000000e+00  -2.553488093646e+00 -1.375442669984e+01 7.151873841594e+00 -6.383720234116e-01
2.500000000000e+00  -3.239537169445e+00 -1.368478785018e+01 7.115663806953e+00 -8.098842923613e-01
2.550000000000e+00  -3.921692727824e+00 -1.359870160175e+01 7.070901636800e+00 -9.804231819559e-01
2.600000000000e+00  -4.599134903350e+00 -1.349627141941e+01 7.017641129649e+00 -1.149783725838e+00
2.650000000000e+00  -5.271049495488e+00 -1.337762041142e+01 6.955946297951e+00 -1.317762373872e+00
2.700000000000e+00  -5.936628947164e+00 -1.324289118140e+01 6.885891291156e+00 -1.484157236791e+00
2.750000000000e+00  -6.595073315348e+00 -1.309224565698e+01 6.807560306597e+00 -1.648768328837e+00
2.800000000000e+00  -7.245591232486e+00 -1.292586489519e+01 6.721047488295e+00 -1.811397808121e+00
2.850000000000e+00  -7.887400857623e+00 -1.274394886486e+01 6.626456813806e+00 -1.971850214406e+00
2.900000000000e+00  -8.519730816081e+00 -1.254671620622e+01 6.523901969261e+00 -2.129932704020e+00
2.950000000000e+00  -9.141821126550e+00 -1.233440396820e+01 6.413506212719e+00 -2.285455281637e+00
3.000000000000e+00  -9.752924114494e+00 -1.210726732349e+01 6.295402226037e+00 -2.438231028624e+00
3.050000000000e+00  -1.035230531076e+01 -1.186557926185e+01 6.169731955395e+00 -2.588076327691e+00
3.100000000000e+00  -1.093924433433e+01 -1.160963026201e+01 6.036646440697e+00 -2.734811083581e+00
3.150000000000e+00  -1.151303575809e+01 -1.133972794258e+01 5.896305634042e+00 -2.878258939522e+00
3.200000000000e+00  -1.207298995671e+01 -1.105619669229e+01 5.748878207481e+00 -3.018247489178e+00
3.250000000000e+00  -1.261843393548e+01 -1.075937728016e+01 5.594541350289e+00 -3.154608483871e+00
3.300000000000e+00  -1.314871213914e+01 -1.044962644588e+01 5.433480556016e+00 -3.287178034785e+00
3.350000000000e+00  -1.366318723979e+01 -1.012731647113e+01 5.265889399536e+00 -3.415796809946e+00
3.400000000000e+00  -1.416124090287e+01 -9.792834732058e+00 5.091969304402e+00 -3.540310225718e+00
3.450000000000e+00  -1.464227453035e+01 -9.446583233777e+00 4.911929300758e+00 -3.660568632588e+00
3.500000000000e+00  -1.510570998014e+01 -9.088978127163e+00 4.725985774108e+00 -3.776427495035e+00
3.550000000000e+00  -1.555099026094e+01 -8.720449208706e+00 4.534362205253e+00 -3.887747565236e+00
3.600000000000e+00  -1.597758020171e+01 -8.341439403949e+00 4.337288901690e+00 -3.994395050427e+00
3.650000000000e+00  -1.638496709482e+01 -7.952404235146e+00 4.135002720816e+00 -4.096241773705e+00
3.700000000000e+00  -1.677266131233e+01 -7.553811273780e+00 3.927746785252e+00 -4.193165328083e+00
3.750000000000e+00  -1.714019689441e+01 -7.146139578604e+00 3.715770190638e+00 -4.285049223603e+00
3.800000000000e+00  -1.748713210939e+01 -6.729879119869e+00 3.499327706260e+00 -4.371783027347e+00
3.850000000000e+00  -1.781304998463e+01 -6.305530190442e+00 3.278679468837e+00 -4.453262496158e+00
3.900000000000e+00  -1.811755880774e+01 -5.873602804520e+00 3.054090669881e+00 -4.529389701936e+00
3.950000000000e+00  -1.840029259730e+01 -5.434616084651e+00 2.825831236962e+00 -4.600073149325e+00
4.000000000000e+00  -1.866091154275e+01 -4.989097637819e+00 2.594175509291e+00 -4.665227885687e+00
4.050000000000e+00  -1.889910241280e+01 -4.537582921326e+00 2.359401908003e+00 -4.724775603200e+00
4.100000000000e+00  -1.911457893190e+01 -4.080614599234e+00 2.121792601521e+00 -4.778644732974e+00
4.150000000000e+00  -1.930708212429e+01 -3.618741890159e+00 1.881633166434e+00 -4.826770531073e+00
4.200000000000e+00  -1.947638062529e+01 -3.152519907173e+00 1.639212244264e+00 -4.869095156323e+00
4.250000000000e+00  -1.962227095932e+01 -2.682508990631e+00 1.394821194558e+00 -4.905567739831e+00
4.300000000000e+00  -1.974457778451e+01 -2.209274034709e+00 1.148753744707e+00 -4.936144446128e+00
4.350000000000e+00  -1.984315410338e+01 -1.733383808476e+00 9.013056369281e-01 -4.960788525846e+00
4.400000000000e+00  -1.991788143957e+01 -1.255410272302e+00 6.527742728128e-01 -4.979470359893e+00
4.450000000000e+00  -1.996866998019e+01 -7.759278904351e-01 4.034583558927e-01 -4.992167495047e+00
4.500000000000e+00  -1.999545868378e+01 -2.955129405649e-01 1.536575326329e-01 -4.998864670944e+00
4.550000000000e+00  -1.999821535368e+01 1.852571787877e-01 -9.632796770470e-02 -4.999553838419e+00
4.600000000000e+00  -1.997693667672e+01 6.658046422331e-01 -3.461976938997e-01 -4.994234169180e+00
4.650000000000e+00  -1.993164822720e+01 1.145551891986e+00 -5.956513338776e-01 -4.982912056800e+00
4.700000000000e+00  -1.986240443617e+01 1.623922332018e+00 -8.443890756474e-01 -4.965601109041e+00
4.750000000000e+00  -1.976928852596e+01 2.100341021053e+00 -1.092111967638e+00 -4.942322131490e+00
4.800000000000e+00  -1.965241241024e+01 2.574235363576e+00 -1.338522278000e+00 -4.913103102560e+00
4.850000000000e+00  -1.951191655943e+01 3.045035798017e+00 -1.583323852444e+00 -4.877979139857e+00
4.900000000000e+00  -1.934796983193e+01 3.512176481298e+00 -1.826222470177e+00 -4.836992457982e+00
4.950000000000e+00  -1.916076927114e+01 3.975095968903e+00 -2.066926197524e+00 -4.790192317785e+00
5.000000000000e+00  -1.895053986866e+01 4.433237889663e+00 -2.305145738790e+00 -4.737634967165e+00
5.050000000000e+00  -1.871753429387e+01 4.886051614446e+00 -2.540594783964e+00 -4.679383573469e+00
5.100000000000e+00  -1.846203259025e+01 5.332992917941e+00 -2.772990352820e+00 -4.615508147564e+00
5.150000000000e+00  -1.818434183881e+01 5.773524632754e+00 -3.002053135029e+00 -4.546085459702e+00
5.200000000000e+00  -1.788479578900e+01 6.207117295012e+00 -3.227507825855e+00 -4.471198947249e+00
5.250000000000e+00  -1.756375445760e+01 6.633249780711e+00 -3.449083457034e+00 -4.390938614401e+00
5.300000000000e+00  -1.722160369605e+01 7.051409932045e+00 -3.666513722446e+00 -4.305400924012e+00
5.350000000000e+00  -1.685875472664e+01 7.461095172956e+00 -3.879537298179e+00 -4.214688681659e+00
5.400000000000e+00  -1.647564364832e+01 7.861813113162e+00 -4.087898156610e+00 -4.118910912081e+00
5.450000000000e+00  -1.607273091258e+01 8.253082139954e+00 -4.291345874120e+00 -4.018182728145e+00
5.500000000000e+00  -1.565050076999e+01 8.634431997031e+00 -4.489635932066e+00 -3.912625192498e+00
5.550000000000e+00  -1.520946068823e+01 9.005404349692e+00 -4.682530010667e+00 -3.802365172057e+00
5.600000000000e+00  -1.475014074216e+01 9.365553335692e+00 -4.869796275431e+00 -3.687535185541e+00
5.650000000000e+00  -1.427309297677e+01 9.714446101116e+00 -5.051209655793e+00 -3.568273244191e+00
5.700000000000e+00  -1.377889074362e+01 1.005166332062e+01 -5.226552115622e+00 -3.444722685906e+00
5.750000000000e+00  -1.326812801185e+01 1.037679970139e+01 -5.395612915270e+00 -3.317032002961e+00
5.800000000000e+00  -1.274141865418e+01 1.068946447027e+01 -5.558188864860e+00 -3.185354663544e+00
5.850000000000e+00  -1.219939570921e+01 1.098928184344e+01 -5.714084568488e+00 -3.049848927304e+00
5.900000000000e+00  -1.164271062056e+01 1.127589147799e+01 -5.863112659070e+00 -2.910677655140e+00
5.950000000000e+00  -1.107203245388e+01 1.154894890510e+01 -6.005094023530e+00 -2.768008113469e+00
6.000000000000e+00  -1.048804709275e+01 1.180812594399e+01 -6.139858018076e+00 -2.622011773188e+00
6.050000000000e+00  -9.891456414352e+00 1.205311109636e+01 -6.267242673286e+00 -2.472864103588e+00
6.100000000000e+00  -9.282977445854e+00 1.228360992077e+01 -6.387094888781e+00 -2.320744361463e+00
6.150000000000e+00  -8.663341502667e+00 1.249934538655e+01 -6.499270617229e+00 -2.165835375667e+00
6.200000000000e+00  -8.033293309488e+00 1.270005820673e+01 -6.603635037472e+00 -2.008323327372e+00
6.250000000000e+00  -7.393590105229e+00 1.288550714966e+01 -6.700062716566e+00 -1.848397526307e+00
6.300000000000e+00  -6.745000732917e+00 1.305546932899e+01 -6.788437760533e+00 -1.686250183229e+00
6.350000000000e+00  -6.088304715636e+00 1.320974047147e+01 -6.868653953655e+00 -1.522076178909e+00
6.400000000000e+00  -5.424291319643e+00 1.334813516255e+01 -6.940614886128e+00 -1.356072829911e+00
6.450000000000e+00  -4.753758605766e+00 1.347048706916e+01 -7.004234069934e+00 -1.188439651441e+00
6.500000000000e+00  -4.077512470234e+00 1.357664913966e+01 -7.059435042796e+00 -1.019378117559e+00
6.550000000000e+00  -3.396365676094e+00 1.366649378055e+01 -7.106151460064e+00 -8.490914190236e-01
6.600000000000e+00  -2.711136876370e+00 1.373991300985e+01 -7.144327174467e+00 -6.777842190925e-01
6.650000000000e+00  -2.022649630143e+00 1.379681858684e+01 -7.173916303582e+00 -5.056624075357e-01
6.700000000000e+00  -1.331731412740e+00 1.383714211816e+01 -7.194883284987e+00 -3.329328531849e-01
6.750000000000e+00  -6.392126212086e-01 1.386083513998e+01 -7.207202919000e+00 -1.598031553021e-01
6.800000000000e+00  5.407442371223e-02 1.386786917627e+01 -7.210860398967e+00 1.351860592806e-02
6.850000000000e+00  7.472964779405e-01 1.385823577299e+01 -7.205851329055e+00 1.868241194851e-01
6.900000000000e+00  1.439620375505e+00 1.383194650828e+01 -7.192181729539e+00 3.599050938762e-01
6.950000000000e+00  2.130214029905e+00 1.378903297855e+01 -7.169868029562e+00 5.325535074763e-01
7.000000000000e+00  2.818247434177e+00 1.372954676048e+01 -7.138937047395e+00 7.045618585443e-01
7.050000000000e+00  3.502893658456e+00 1.365355934903e+01 -7.099425958199e+00 8.757234146140e-01
7.100000000000e+00  4.183329843842e+00 1.356116207156e+01 -7.051382249348e+00 1.045832460961e+00
7.150000000000e+00  4.858738191375e+00 1.345246597800e+01 -6.994863663355e+00 1.214684547844e+00
7.200000000000e+00  5.528306944925e+00 1.332760170743e+01 -6.929938128473e+00 1.382076736231e+00
7.250000000000e+00  6.191231366821e+00 1.318671933103e+01 -6.856683677052e+00 1.547807841705e+00
7.300000000000e+00  6.846714705047e+00 1.302998817176e+01 -6.775188351757e+00 1.711678676262e+00
7.350000000000e+00  7.493969150834e+00 1.285759660081e+01 -6.685550099748e+00 1.873492287709e+00
7.400000000000e+00  8.132216785513e+00 1.266975181124e+01 -6.587876654963e+00 2.033054196378e+00
7.450000000000e+00  8.760690515469e+00 1.246667956892e+01 -6.482285408632e+00 2.190172628867e+00
7.500000000000e+00  9.378634994098e+00 1.224862394122e+01 -6.368903268193e+00 2.344658748524e+00
7.550000000000e+00  9.985307529632e+00 1.201584700367e+01 -6.247866504759e+00 2.496326882408e+00
7.600000000000e+00  1.057997897777e+01 1.176862852493e+01 -6.119320589340e+00 2.644994744442e+00
7.650000000000e+00  1.116193461801e+01 1.150726563064e+01 -5.983420018006e+00 2.790483654501e+00
7.700000000000e+00  1.173047501265e+01 1.123207244620e+01 -5.840328126199e+00 2.932618753161e+00
7.750000000000e+00  1.228491684744e+01 1.094337971931e+01 -5.690216892430e+00 3.071229211859e+00
7.800000000000e+00  1.282459375283e+01 1.064153442242e+01 -5.533266731576e+00 3.206148438207e+00
7.850000000000e+00  1.334885710486e+01 1.032689933573e+01 -5.369666278046e+00 3.337214276216e+00
7.900000000000e+00  1.385707680474e+01 9.999852611158e+00 -5.199612159069e+00 3.464269201184e+00
7.950000000000e+00  1.434864203611e+01 9.660787317843e+00 -5.023308758370e+00 3.587160509027e+00
8.000000000000e+00  1.482296199922e+01 9.310110969749e+00 -4.840967970525e+00 3.705740499804e+00
8.050000000000e+00  1.527946662095e+01 8.948245035867e+00 -4.652808946295e+00 3.819866655238e+00
8.100000000000e+00  1.571760724001e+01 8.575624433670e+00 -4.459057829229e+00 3.929401810003e+00
8.150000000000e+00  1.613685726632e+01 8.192697006390e+00 -4.259947483872e+00 4.034214316580e+00
8.200000000000e+00  1.653671281392e+01 7.799922984771e+00 -4.055717215889e+00 4.134178203481e+00
8.250000000000e+00  1.691669330660e+01 7.397774433930e+00 -3.846612484448e+00 4.229173326650e+00
8.300000000000e+00  1.727634205545e+01 6.986734685992e+00 -3.632884607213e+00 4.319085513863e+00
8.350000000000e+00  1.761522680779e+01 6.567297759184e+00 -3.414790458289e+00 4.403806701947e+00
8.400000000000e+00  1.793294026663e+01 6.139967764091e+00 -3.192592159492e+00 4.483235066659e+00
8.450000000000e+00  1.822910058026e+01 5.705258297775e+00 -2.966556765311e+00 4.557275145065e+00
8.500000000000e+00  1.850335180111e+01 5.263691826498e+00 -2.736955941942e+00 4.625837950278e+00
8.550000000000e+00  1.875536431362e+01 4.815799057781e+00 -2.504065640781e+00 4.688841078404e+00
8.600000000000e+00  1.898483523034e+01 4.362118302561e+00 -2.268165766762e+00 4.746208807584e+00
8.650000000000e+00  1.919148875601e+01 3.903194828210e+00 -2.029539841950e+00 4.797872189003e+00
8.700000000000e+00  1.937507651902e+01 3.439580203190e+00 -1.788474664781e+00 4.843769129755e+00
8.750000000000e+00  1.953537786990e+01 2.971831634138e+00 -1.545259965365e+00 4.883844467475e+00
8.800000000000e+00  1.967220014652e+01 2.500511296174e+00 -1.300188057269e+00 4.918050036630e+00
8.850000000000e+00  1.978537890568e+01 2.026185657234e+00 -1.053553486192e+00 4.946344726419e+00
8.900000000000e+00  1.987477812069e+01 1.549424797252e+00 -8.056526759570e-01 4.968694530172e+00
8.950000000000e+00  1.994029034491e+01 1.070801722990e+00 -5.567835722497e-01 4.985072586227e+00
9.000000000000e+00  1.998183684087e+01 5.908916793586e-01 -3.072452845213e-01 4.995459210217e+00
9.050000000000e+00  1.999936767488e+01 1.102714580446e-01 -5.733772649883e-02 4.999841918721e+00
9.100000000000e+00  1.999286177709e+01 -3.704812957211e-01 1.926387442741e-01 4.998215444274e+00
9.150000000000e+00  1.996232696677e+01 -8.507887774202e-01 4.423836874293e-01 4.990581741693e+00
9.200000000000e+00  1.990779994293e+01 -1.330073717695e+00 6.915969408660e-01 4.976949985734e+00
9.250000000000e+00  1.982934624022e+01 -1.807760076156e+00 9.399789815077e-01 4.957336560056e+00
9.300000000000e+00  1.972706015015e+01 -2.283273733707e+00 1.187231285291e+00 4.931765037537e+00
9.350000000000e+00  1.960106460777e+01 -2.756043182566e+00 1.433056685956e+00 4.900266151942e+00
9.400000000000e+00  1.945151104392e+01 -3.225500213147e+00 1.677159732199e+00 4.862877760980e+00
9.450000000000e+00  1.927857920323e+01 -3.691080596972e+00 1.919247042772e+00 4.819644800808e+00
9.500000000000e+00  1.908247692809e+01 -4.152224764812e+00 2.159027659089e+00 4.770619232023e+00
9.550000000000e+00  1.886343990884e+01 -4.608378479207e+00 2.396213394920e+00 4.715859977211e+00
9.600000000000e+00  1.862173140051e+01 -5.058993500601e+00 2.630519182755e+00 4.655432850128e+00
9.650000000000e+00  1.835764190641e+01 -5.503528246249e+00 2.861663416424e+00 4.589410476603e+00
9.700000000000e+00  1.807148882900e+01 -5.941448441137e+00 3.089368289544e+00 4.517872207249e+00
9.750000000000e+00  1.776361608838e+01 -6.372227760112e+00 3.313360129415e+00 4.440904022095e+00
9.800000000000e+00  1.743439370898e+01 -6.795348460456e+00 3.533369725937e+00 4.358598427246e+00
9.850000000000e+00  1.708421737482e+01 -7.210302004151e+00 3.749132655167e+00 4.271054343705e+00
9.900000000000e+00  1.671350795393e+01 -7.616589669079e+00 3.960389597122e+00 4.178376988483e+00
9.950000000000e+00  1.632271099255e+01 -8.013723148418e+00 4.166886647453e+00 4.080677748137e+00
1.000000000000e+01  1.591229617961e+01 -8.401225137533e+00 4.368375622602e+00 3.978074044902e+00
1.005000000000e+01  1.548275678225e+01 -8.778629907629e+00 4.564614358090e+00 3.870689195561e+00
1.010000000000e+01  1.503460905295e+01 -9.145483865503e+00 4.755366999568e+00 3.758652263237e+00
1.015000000000e+01  1.456839160909e+01 -9.501346098706e+00 4.940404286282e+00 3.642097902272e+00
1.020000000000e+01  1.408466478556e+01 -9.845788905463e+00 5.119503826622e+00 3.521166196390e+00
1.025000000000e+01  1.358400996134e+01 -1.017839830872e+01 5.292450365399e+00 3.396002490336e+00
1.030000000000e+01  1.306702886075e+01 -1.049877455368e+01 5.459036042564e+00 3.266757215187e+00
1.035000000000e+01  1.253434283023e+01 -1.080653258828e+01 5.619060643025e+00 3.133585707556e+00
1.040000000000e+01  1.198659209158e+01 -1.110130252596e+01 5.772331837282e+00 2.996648022894e+00
1.045000000000e+01  1.142443497250e+01 -1.138273009023e+01 5.918665412580e+00 2.856108743124e+00
1.050000000000e+01  1.084854711534e+01 -1.165047704044e+01 6.057885494314e+00 2.712136778836e+00
1.055000000000e+01  1.025962066510e+01 -1.190422157833e+01 6.189824757406e+00 2.564905166275e+00
1.060000000000e+01  9.658363437500e+00 -1.214365873481e+01 6.314324627408e+00 2.414590859375e+00
1.065000000000e+01  9.045498068326e+00 -1.236850073642e+01 6.431235471091e+00 2.261374517082e+00
1.070000000000e+01  8.421761144894e+00 -1.257847735129e+01 6.540416776283e+00 2.105440286224e+00
1.075000000000e+01  7.787902320763e+00 -1.277333621386e+01 6.641737320746e+00 1.946975580191e+00
1.080000000000e+01  7.144683414745e+00 -1.295284312822e+01 6.735075329895e+00 1.786170853686e+00
1.085000000000e+01  6.492877495300e+00 -1.311678234955e+01 6.820318623147e+00 1.623219373825e+00
1.090000000000e+01  5.833267951400e+00 -1.326495684349e+01 6.897364748755e+00 1.458316987850e+00
1.095000000000e+01  5.166647550994e+00 -1.339718852287e+01 6.966121106939e+00 1.291661887749e+00
1.100000000000e+01  4.493817488202e+00 -1.351331846180e+01 7.026505061178e+00 1.123454372051e+00
1.105000000000e+01  3.815586420380e+00 -1.361320708665e+01 7.078444037533e+00 9.538966050949e-01
1.110000000000e+01  3.132769496213e+00 -1.369673434382e+01 7.121875611869e+00 7.831923740532e-01
1.115000000000e+01  2.446187376011e+00 -1.376379984404e+01 7.156747584879e+00 6.115468440029e-01
1.120000000000e+01  1.756665245380e+00 -1.381432298297e+01 7.183018044826e+00 4.391663113449e-01
1.125000000000e+01  1.065031823444e+00 -1.384824303814e+01 7.200655417912e+00 2.662579558611e-01
1.130000000000e+01  3.721183668410e-01 -1.386551924190e+01 7.209638506227e+00 9.302959171024e-02
1.135000000000e+01  -3.212423293550e-01 -1.386613083042e+01 7.209956513225e+00 -8.031058233876e-02
1.140000000000e+01  -1.014216932542e+00 -1.385007706865e+01 7.201609056701e+00 -2.535542331354e-01
1.145000000000e+01  -1.705972574153e+00 -1.381737725119e+01 7.184606169253e+00 -4.264931435382e-01
1.150000000000e+01  -2.395677850661e+00 -1.376807067913e+01 7.158968286217e+00 -5.989194626652e-01
1.155000000000e+01  -3.082503822820e+00 -1.370221661278e+01 7.124726221116e+00 -7.706259557050e-01
1.160000000000e+01  -3.765625011947e+00 -1.361989420047e+01 7.081921128617e+00 -9.414062529868e-01
1.165000000000e+01  -4.444220392044e+00 -1.352120238342e+01 7.030604455073e+00 -1.111055098011e+00
1.170000000000e+01  -5.117474376568e+00 -1.340625977682e+01 6.970837876690e+00 -1.279368594142e+00
1.175000000000e+01  -5.784577798662e+00 -1.327520452725e+01 6.902693225400e+00 -1.446144449666e+00
1.180000000000e+01  -6.444728883676e+00 -1.312819414671e+01 6.826252402529e+00 -1.611182220919e+00
1.185000000000e+01  -7.097134212796e+00 -1.296540532322e+01 6.741607280358e+00 -1.774283553199e+00
1.190000000000e+01  -7.741009676634e+00 -1.278703370855e+01 6.648859591711e+00 -1.935252419159e+00
1.195000000000e+01  -8.375581417633e+00 -1.259329368299e+01 6.548120807676e+00 -2.093895354408e+00
1.200000000000e+01  -9.000086760143e+00 -1.238441809777e+01 6.439512003639e+00 -2.250021690036e+00
1.205000000000e+01  -9.613775127062e+00 -1.216065799514e+01 6.323163713762e+00 -2.403443781766e+00
1.210000000000e+01  -1.021590894194e+01 -1.192228230669e+01 6.199215774098e+00 -2.553977235484e+00
1.215000000000e+01  -1.080576451544e+01 -1.166957753010e+01 6.067817154526e+00 -2.701441128859e+00
1.220000000000e+01  -1.138263291513e+01 -1.140284738482e+01 5.929125779708e+00 -2.845658228783e+00
1.225000000000e+01  -1.194582081756e+01 -1.112241244702e+01 5.783308339285e+00 -2.986455204390e+00
1.230000000000e+01  -1.249465134149e+01 -1.082860976435e+01 5.630540087531e+00 -3.123662835372e+00
1.235000000000e+01  -1.302846486146e+01 -1.052179245077e+01 5.471004632727e+00 -3.257116215365e+00
1.240000000000e+01  -1.354661980056e+01 -1.020232926222e+01 5.304893716483e+00 -3.386654950141e+00
1.245000000000e+01  -1.404849340155e+01 -9.870604153394e+00 5.132406983287e+00 -3.512123350388e+00
1.250000000000e+01  -1.453348247529e+01 -9.527015816262e+00 4.953751740562e+00 -3.633370618824e+00
1.255000000000e+01  -1.500100412575e+01 -9.171977200920e+00 4.769142709503e+00 -3.750251031437e+00
1.260000000000e+01  -1.545049645052e+01 -8.805915019258e+00 4.578801767016e+00 -3.862624112631e+00
1.265000000000e+01  -1.588141921621e+01 -8.429269232110e+00 4.382957679041e+00 -3.970354804053e+00
1.270000000000e+01  -1.629325450770e+01 -8.042492520477e+00 4.181845825611e+00 -4.073313626925e+00
1.275000000000e+01  -1.668550735061e+01 -7.646049741461e+00 3.975707917954e+00 -4.171376837653e+00
1.280000000000e+01  -1.705770630623e+01 -7.240417369563e+00 3.764791707981e+00 -4.264426576557e+00
1.285000000000e+01  -1.740940403807e+01 -6.826082924025e+00 3.549350690527e+00 -4.352351009519e+00
1.290000000000e+01  -1.774017784959e+01 -6.403544382888e+00 3.329643798675e+00 -4.435044462398e+00
1.295000000000e+01  -1.804963019214e+01 -5.973309584488e+00 3.105935092557e+00 -4.512407548034e+00
1.300000000000e+01  -1.833738914281e+01 -5.535895617096e+00 2.878493441981e+00 -4.584347285702e+00
1.305000000000e+01  -1.860310885143e+01 -5.091828197445e+00 2.647592203288e+00 -4.650777212857e+00
1.310000000000e+01  -1.884646995624e+01 -4.641641038883e+00 2.413508890809e+00 -4.711617489060e+00
1.315000000000e+01  -1.906717996771e+01 -4.185875209915e+00 2.176524843330e+00 -4.766794991928e+00
1.320000000000e+01  -1.926497362009e+01 -3.725078483911e+00 1.936924885955e+00 -4.816243405023e+00
1.325000000000e+01  -1.943961319021e+01 -3.259804680746e+00 1.694996987784e+00 -4.859903297554e+00
1.330000000000e+01  -1.959088878322e+01 -2.790613001182e+00 1.451031915812e+00 -4.897722195805e+00
1.335000000000e+01  -1.971861858482e+01 -2.318067354775e+00 1.205322885457e+00 -4.929654646204e+00
1.340000000000e+01  -1.982264907980e+01 -1.842735682129e+00 9.581652081612e-01 -4.955662269950e+00
1.345000000000e+01  -1.990285523657e+01 -1.365189272305e+00 7.098559364553e-01 -4.975713809142e+00
1.350000000000e+01  -1.995914065737e+01 -8.860020761967e-01 4.606935069436e-01 -4.989785164344e+00
1.355000000000e+01  -1.999143769421e+01 -4.057500167187e-01 2.109773816185e-01 -4.997859423551e+00
1.360000000000e+01  -1.999970753007e+01 7.498970338232e-02 -3.899231205435e-02 -4.999926882518e+00
1.365000000000e+01  -1.998394022567e+01 5.556392952528e-01 -2.889151418522e-01 -4.995985056418e+00
1.370000000000e+01  -1.994415473133e+01 1.035621078362e+00 -5.384907318766e-01 -4.986038682832e+00
1.375000000000e+01  -1.988039886421e+01 1.514358174802e+00 -7.874191235679e-01 -4.970099716053e+00
1.380000000000e+01  -1.979274925088e+01 1.991275202621e+00 -1.035401136218e+00 -4.948187312721e+00
1.385000000000e+01  -1.968131123518e+01 2.465798967363e+00 -1.282138726546e+00 -4.920327808796e+00
1.390000000000e+01  -1.954621875164e+01 2.937359150973e+00 -1.527335346914e+00 -4.886554687909e+00
1.395000000000e+01  -1.938763416446e+01 3.405388997249e+00 -1.770696301734e+00 -4.846908541116e+00
1.400000000000e+01  -1.920574807245e+01 3.869325993013e+00 -2.011929101657e+00 -4.801437018112e+00
1.405000000000e+01  -1.900077907987e+01 4.328612544178e+00 -2.250743815113e+00 -4.750194769967e+00
1.410000000000e+01  -1.877297353375e+01 4.782696645909e+00 -2.486853416765e+00 -4.693243383437e+00
1.415000000000e+01  -1.852260522778e+01 5.231032546063e+00 -2.719974132484e+00 -4.630651306945e+00
1.420000000000e+01  -1.824997507327e+01 5.673081401115e+00 -2.949825780404e+00 -4.562493768318e+00
1.425000000000e+01  -1.795541073748e+01 6.108311923779e+00 -3.176132107670e+00 -4.488852684370e+00
1.430000000000e+01  -1.763926624979e+01 6.536201021550e+00 -3.398621122460e+00 -4.409816562449e+00
1.435000000000e+01  -1.730192157624e+01 6.956234425394e+00 -3.617025420880e+00 -4.325480394061e+00
1.440000000000e+01  -1.694378216281e+01 7.367907307836e+00 -3.831082508354e+00 -4.235945540704e+00
1.445000000000e+01  -1.656527844817e+01 7.770724889701e+00 -4.040535115106e+00 -4.141319612043e+00
1.450000000000e+01  -1.616686534631e+01 8.164203034773e+00 -4.245131505373e+00 -4.041716336578e+00
1.455000000000e+01  -1.574902169982e+01 8.547868831669e+00 -4.444625779952e+00 -3.937255424954e+00
1.460000000000e+01  -1.531224970435e+01 8.921261162216e+00 -4.638778171743e+00 -3.828062426088e+00
1.465000000000e+01  -1.485707430507e+01 9.283931255661e+00 -4.827355333921e+00 -3.714268576268e+00
1.470000000000e+01  -1.438404256573e+01 9.635443228035e+00 -5.010130620387e+00 -3.596010641433e+00
1.475000000000e+01  -1.389372301116e+01 9.975374606032e+00 -5.186884358167e+00 -3.473430752789e+00
1.480000000000e+01  -1.338670494396e+01 1.030331683476e+01 -5.357404111437e+00 -3.346676235990e+00
1.485000000000e+01  -1.286359773627e+01 1.061887576880e+01 -5.521484936839e+00 -3.215899434067e+00
1.490000000000e+01  -1.232503009735e+01 1.092167214588e+01 -5.678929629797e+00 -3.081257524338e+00
1.495000000000e+01  -1.177164931796e+01 1.121134204274e+01 -5.829548961536e+00 -2.942912329490e+00
1.500000000000e+01  -1.120412049240e+01 1.148753731247e+01 -5.973161906510e+00 -2.801030123100e+00
1.505000000000e+01  -1.062312571914e+01 1.174992600301e+01 -6.109595859969e+00 -2.655781429785e+00
1.510000000000e+01  -1.002936328104e+01 1.199819275606e+01 -6.238686845411e+00 -2.507340820259e+00
1.515000000000e+01  -9.423546806075e+00 1.223203918612e+01 -6.360279711661e+00 -2.355886701519e+00
1.520000000000e+01  -8.806404409684e+00 1.245118423910e+01 -6.474228319344e+00 -2.201601102421e+00
1.525000000000e+01  -8.178677819627e+00 1.265536453013e+01 -6.580395716524e+00 -2.044669454907e+00
1.530000000000e+01  -7.541121484542e+00 1.284433466012e+01 -6.678654303304e+00 -1.885280371136e+00
1.535000000000e+01  -6.894501667188e+00 1.301786751066e+01 -6.768885985186e+00 -1.723625416797e+00
1.540000000000e+01  -6.239595523491e+00 1.317575451703e+01 -6.850982315003e+00 -1.559898880873e+00
1.545000000000e+01  -5.577190168505e+00 1.331780591886e+01 -6.924844623265e+00 -1.394297542126e+00
1.550000000000e+01  -4.908081730393e+00 1.344385098816e+01 -6.990384136739e+00 -1.227020432598e+00
1.555000000000e+01  -4.233074393585e+00 1.355373823458e+01 -7.047522085151e+00 -1.058268598396e+00
1.560000000000e+01  -3.552979432246e+00 1.364733558743e+01 -7.096189795851e+00 -8.882448580615e-01
1.565000000000e+01  -2.868614235228e+00 1.372453055443e+01 -7.136328776355e+00 -7.171535588070e-01
1.570000000000e+01  -2.180801323672e+00 1.378523035690e+01 -7.167890784644e+00 -5.452003309180e-01
1.575000000000e+01  -1.490367362438e+00 1.382936204130e+01 -7.190837887140e+00 -3.725918406095e-01
1.580000000000e+01  -7.981421665591e-01 1.385687256688e+01 -7.205142504306e+00 -1.995355416398e-01
1.585000000000e+01  -1.049577039087e-01 1.386772886944e+01 -7.210787443785e+00 -2.623942597716e-02
1.590000000000e+01  5.883529047223e-01 1.386191790107e+01 -7.207765921069e+00 1.470882261806e-01
1.595000000000e+01  1.280956386931e+00 1.383944664581e+01 -7.196081567649e+00 3.202390967328e-01
1.600000000000e+01  1.972020320192e+00 1.380034211131e+01 -7.175748426652e+00 4.930050800480e-01
1.605000000000e+01  2.660714132324e+00 1.374465129630e+01 -7.146790935964e+00 6.651785330811e-01
1.610000000000e+01  3.346210099736e+00 1.367244113416e+01 -7.109243898859e+00 8.365525249340e-01
1.615000000000e+01  4.027684342242e+00 1.358379841246e+01 -7.063152442165e+00 1.006921085561e+00
1.620000000000e+01  4.704317813269e+00 1.347882966863e+01 -7.008571962033e+00 1.176079453317e+00
1.625000000000e+01  5.375297284241e+00 1.335766106193e+01 -6.945568057357e+00 1.343824321060e+00
1.630000000000e+01  6.039816321982e+00 1.322043822183e+01 -6.874216450927e+00 1.509954080496e+00
1.635000000000e+01  6.697076257948e+00 1.306732607299e+01 -6.794602898427e+00 1.674269064487e+00
1.640000000000e+01  7.346287148122e+00 1.289850863699e+01 -6.706823085364e+00 1.836571787031e+00
1.645000000000e+01  7.986668722434e+00 1.271418881123e+01 -6.610982512063e+00 1.996667180609e+00
1.650000000000e+01  8.617451322542e+00 1.251458812502e+01 -6.507196366874e+00 2.154362830636e+00
1.655000000000e+01  9.237876826869e+00 1.229994647336e+01 -6.395589387729e+00 2.309469206717e+00
1.660000000000e+01  9.847199561765e+00 1.207052182859e+01 -6.276295712220e+00 2.461799890441e+00
1.665000000000e+01  1.044468719772e+01 1.182658993036e+01 -6.149458716384e+00 2.611171799430e+00
1.670000000000e+01  1.102962162953e+01 1.156844395423e+01 -6.015230842384e+00 2.757405407382e+00
1.675000000000e+01  1.160129983936e+01 1.129639415928e+01 -5.873773415290e+00 2.900324959840e+00
1.680000000000e+01  1.215903474170e+01 1.101076751525e+01 -5.725256449190e+00 3.039758685425e+00
1.685000000000e+01  1.270215600914e+01 1.071190730955e+01 -5.569858442852e+00 3.175539002286e+00
1.690000000000e+01  1.323001087804e+01 1.040017273465e+01 -5.407766165191e+00 3.307502719511e+00
1.695000000000e+01  1.374196493304e+01 1.007593845643e+01 -5.239174430796e+00 3.435491233260e+00
1.700000000000e+01  1.423740286957e+01 9.739594163834e+00 -5.064285865790e+00 3.559350717393e+00
1.705000000000e+01  1.471572923337e+01 9.391544100508e+00 -4.883310664294e+00 3.678932308341e+00
1.710000000000e+01  1.517636913613e+01 9.032206578985e+00 -4.696466335805e+00 3.794092284031e+00
1.715000000000e+01  1.561876894646e+01 8.662013477900e+00 -4.503977443773e+00 3.904692236614e+00
1.720000000000e+01  1.604239695527e+01 8.281409722936e+00 -4.306075335707e+00 4.010599238816e+00
1.725000000000e+01  1.644674401482e+01 7.890852752073e+00 -4.102997865121e+00 4.111686003705e+00
1.730000000000e+01  1.683132415066e+01 7.490811965812e+00 -3.894989105667e+00 4.207831037665e+00
1.735000000000e+01  1.719567514569e+01 7.081768163007e+00 -3.682299057788e+00 4.298918786423e+00
1.740000000000e+01  1.753935909572e+01 6.664212963012e+00 -3.465183348247e+00 4.384839773930e+00
1.745000000000e+01  1.786196293573e+01 6.238648214811e+00 -3.243902922898e+00 4.465490733933e+00
1.750000000000e+01  1.816309893638e+01 5.805585393861e+00 -3.018723733063e+00 4.540774734094e+00
1.755000000000e+01  1.844240516994e+01 5.365544987362e+00 -2.789916415887e+00 4.610601292486e+00
1.760000000000e+01  1.869954594537e+01 4.919055868697e+00 -2.557755969071e+00 4.674886486343e+00
1.765000000000e+01  1.893421221169e+01 4.466654661792e+00 -2.322521420356e+00 4.733553052923e+00
1.770000000000e+01  1.914612192949e+01 4.008885096162e+00 -2.084495492170e+00 4.786530482372e+00
1.775000000000e+01  1.933502040985e+01 3.546297353416e+00 -1.843964261826e+00 4.833755102463e+00
1.780000000000e+01  1.950068062051e+01 3.079447406007e+00 -1.601216817698e+00 4.875170155126e+00
1.785000000000e+01  1.964290345865e+01 2.608896349024e+00 -1.356544911772e+00 4.910725864662e+00
1.790000000000e+01  1.976151799026e+01 2.135209725825e+00 -1.110242608993e+00 4.940379497566e+00
1.795000000000e+01  1.985638165557e+01 1.658956848325e+00 -8.626059338413e-01 4.964095413891e+00
1.800000000000e+01  1.992738044032e+01 1.180710112757e+00 -6.139325145430e-01 4.981845110081e+00
1.805000000000e+01  1.997442901290e+01 7.010443117187e-01 -3.645212253620e-01 4.993607253225e+00
1.810000000000e+01  1.999747082682e+01 2.205359433480e-01 -1.146718273892e-01 4.999367706705e+00
1.815000000000e+01  1.999647818870e+01 -2.602374815574e-01 1.353153917331e-01 4.999119547176e+00
1.820000000000e+01  1.997145229158e+01 -7.406981336351e-01 3.851399787184e-01 4.992863072896e+00
1.825000000000e+01  1.992242321345e+01 -1.220268559436e+00 6.345016757442e-01 4.980605803362e+00
1.830000000000e+01  1.984944988110e+01 -1.698372375452e+00 8.831007813231e-01 4.962362470276e+00
1.835000000000e+01  1.975261999934e+01 -2.174434960856e+00 1.130638510507e+00 4.938154999835e+00
1.840000000000e+01  1.963204994554e+01 -2.647884148124e+00 1.376817353991e+00 4.908012486385e+00
1.845000000000e+01  1.948788462978e+01 -3.118150910707e+00 1.621341435676e+00 4.871971157445e+00
1.850000000000e+01  1.932029732069e+01 -3.584670046936e+00 1.863916868285e+00 4.830074330173e+00
1.855000000000e+01  1.912948943721e+01 -4.046880859313e+00 2.104252106567e+00 4.782372359302e+00
1.860000000000e+01  1.891569030647e+01 -4.504227828410e+00 2.342058297708e+00 4.728922576618e+00
1.865000000000e+01  1.867915688823e+01 -4.956161280525e+00 2.577049628489e+00 4.669789222057e+00
1.870000000000e+01  1.842017346598e+01 -5.402138048328e+00 2.808943668801e+00 4.605043366495e+00
1.875000000000e+01  1.813905130533e+01 -5.841622123673e+00 3.037461711090e+00 4.534762826332e+00
1.880000000000e+01  1.783612827985e+01 -6.274085301818e+00 3.262329105328e+00 4.459032069962e+00
1.885000000000e+01  1.751176846503e+01 -6.699007816260e+00 3.483275589108e+00 4.377942116257e+00
1.890000000000e+01  1.716636170069e+01 -7.115878963425e+00 3.700035612466e+00 4.291590425173e+00
1.895000000000e+01  1.680032312245e+01 -7.524197716475e+00 3.912348657037e+00 4.200080780612e+00
1.900000000000e+01  1.641409266276e+01 -7.923473327478e+00 4.119959549168e+00 4.103523165691e+00
1.905000000000e+01  1.600813452222e+01 -8.313225917222e+00 4.322618766605e+00 4.002033630555e+00
1.910000000000e+01  1.558293661158e+01 -8.692987051973e+00 4.520082738383e+00 3.895734152895e+00
1.915000000000e+01  1.513900996542e+01 -9.062300306475e+00 4.712114137573e+00 3.784752491355e+00
1.920000000000e+01  1.467688812789e+01 -9.420721812512e+00 4.898482166516e+00 3.669222031972e+00
1.925000000000e+01  1.419712651148e+01 -9.767820792383e+00 5.078962834214e+00 3.549281627870e+00
1.930000000000e+01  1.370030172949e+01 -1.010318007665e+01 5.253339225538e+00 3.425075432373e+00
1.935000000000e+01  1.318701090301e+01 -1.042639660550e+01 5.421401761936e+00 3.296752725752e+00
1.940000000000e+01  1.265787094323e+01 -1.073708191321e+01 5.582948453314e+00 3.164467735806e+00
1.945000000000e+01  1.211351781002e+01 -1.103486259500e+01 5.737785140812e+00 3.028379452504e+00
1.950000000000e+01  1.155460574758e+01 -1.131938075583e+01 5.885725730147e+00 2.888651436896e+00
1.955000000000e+01  1.098180649813e+01 -1.159029444057e+01 6.026592415286e+00 2.745451624532e+00
1.960000000000e+01  1.039580849452e+01 -1.184727804493e+01 6.160215892139e+00 2.598952123629e+00
1.965000000000e+01  9.797316032856e+00 -1.209002270686e+01 6.286435562045e+00 2.449329008214e+00
1.970000000000e+01  9.187048426030e+00 -1.231823667770e+01 6.405099724791e+00 2.296762106508e+00
1.975000000000e+01  8.565739139167e+00 -1.253164567290e+01 6.516065760934e+00 2.141434784792e+00
1.980000000000e+01  7.934134908112e+00 -1.272999320160e+01 6.619200303217e+00 1.983533727028e+00
1.985000000000e+01  7.292994841940e+00 -1.291304087494e+01 6.714379396853e+00 1.823248710485e+00
1.990000000000e+01  6.643089510605e+00 -1.308056869259e+01 6.801488648508e+00 1.660772377651e+00
1.995000000000e+01  5.985200018810e+00 -1.323237530711e+01 6.880423363787e+00 1.496300004703e+00
2.000000000000e+01  5.320117067219e+00 -1.336827826600e+01 6.951088673062e+00 1.330029266805e+00
2.005000000000e+01  4.648640002130e+00 -1.348811423093e+01 7.013399645493e+00 1.162160000532e+00
2.010000000000e+01  3.971575854764e+00 -1.359173917412e+01 7.067281391105e+00 9.928939636911e-01
2.015000000000e+01  3.289738371318e+00 -1.367902855136e+01 7.112669150799e+00 8.224345928294e-01
2.020000000000e+01  2.603947034934e+00 -1.374987745179e+01 7.149508374180e+00 6.509867587335e-01
2.025000000000e+01  1.915026080795e+00 -1.380420072390e+01 7.177754785121e+00 4.787565201986e-01
2.030000000000e+01  1.223803505488e+00 -1.384193307794e+01 7.197374434978e+00 3.059508763720e-01
2.035000000000e+01  5.311100718627e-01 -1.386302916435e+01 7.208343743394e+00 1.327775179657e-01
2.040000000000e+01  -1.622216894451e-01 -1.386746362828e+01 7.210649526636e+00 -4.055542236127e-02
2.045000000000e+01  -8.553584806098e-01 -1.385523114006e+01 7.204289013441e+00 -2.138396201525e-01
2.050000000000e+01  -1.547467238135e+00 -1.382634640161e+01 7.189269848349e+00 -3.868668095339e-01
2.055000000000e+01  -2.237716134094e+00 -1.378084412876e+01 7.165610082514e+00 -5.594290335234e-01
2.060000000000e+01  -2.925275575876e+00 -1.371877900954e+01 7.133338152006e+00 -7.313188939690e-01
2.065000000000e+01  -3.609319203262e+00 -1.364022563844e+01 7.092492843638e+00 -9.023298008154e-01
2.070000000000e+01  -4.289024881596e+00 -1.354527842675e+01 7.043123248351e+00 -1.072256220399e+00
2.075000000000e+01  -4.963575689898e+00 -1.343405148913e+01 6.985288702205e+00 -1.240893922474e+00
2.080000000000e+01  -5.632160902691e+00 -1.330667850639e+01 6.919058715072e+00 -1.408040225673e+00
2.085000000000e+01  -6.293976964398e+00 -1.316331256490e+01 6.844512887091e+00 -1.573494241099e+00
2.090000000000e+01  -6.948228455111e+00 -1.300412597253e+01 6.761740812999e+00 -1.737057113778e+00
2.095000000000e+01  -7.594129046589e+00 -1.282931005161e+01 6.670841974448e+00 -1.898532261647e+00
2.100000000000e+01  -8.230902447326e+00 -1.263907490894e+01 6.571925620443e+00 -2.057725611831e+00
2.105000000000e+01  -8.857783335550e+00 -1.243364918332e+01 6.465110636036e+00 -2.214445833888e+00
2.110000000000e+01  -9.474018279054e+00 -1.221327977070e+01 6.350525399443e+00 -2.368504569763e+00
2.115000000000e+01  -1.007886664072e+01 -1.197823152748e+01 6.228307627748e+00 -2.519716660179e+00
2.120000000000e+01  -1.067160146866e+01 -1.172878695217e+01 6.098604211386e+00 -2.667900367166e+00
2.125000000000e+01  -1.125151036997e+01 -1.146524584587e+01 5.961571037597e+00 -2.812877592492e+00
2.130000000000e+01  -1.181789636686e+01 -1.118792495194e+01 5.817372803071e+00 -2.954474091714e+00
2.135000000000e+01  -1.237007873439e+01 -1.089715757531e+01 5.666182816001e+00 -3.092519683598e+00
2.140000000000e+01  -1.290739381862e+01 -1.059329318191e+01 5.508182787791e+00 -3.226848454654e+00
2.145000000000e+01  -1.342919583419e+01 -1.027669697862e+01 5.343562614661e+00 -3.357298958548e+00
2.150000000000e+01  -1.393485764053e+01 -9.947749474384e+00 5.172520149414e+00 -3.483714410132e+00
2.155000000000e+01  -1.442377149555e+01 -9.606846022844e+00 4.995260963642e+00 -3.605942873888e+00
2.160000000000e+01  -1.489534978612e+01 -9.254396347197e+00 4.811998100656e+00 -3.723837446531e+00
2.165000000000e+01  -1.534902573428e+01 -8.890824047752e+00 4.622951819435e+00 -3.837256433571e+00
2.170000000000e+01  -1.578425407844e+01 -8.516566092817e+00 4.428349329901e+00 -3.946063519609e+00
2.175000000000e+01  -1.620051172870e+01 -8.132072293519e+00 4.228424519841e+00 -4.050127932174e+00
2.180000000000e+01  -1.659729839557e+01 -7.737804763184e+00 4.023417673803e+00 -4.149324598892e+00
2.185000000000e+01  -1.697413719125e+01 -7.334237361940e+00 3.813575184307e+00 -4.243534297811e+00
2.190000000000e+01  -1.733057520275e+01 -6.921855127189e+00 3.599149255709e+00 -4.332643800688e+00
2.195000000000e+01  -1.766618403630e+01 -6.501153690663e+00 3.380397601084e+00 -4.416546009075e+00
2.200000000000e+01  -1.798056033216e+01 -6.072638682727e+00 3.157583132486e+00 -4.495140083040e+00
2.205000000000e+01  -1.827332624946e+01 -5.636825124679e+00 2.930973644964e+00 -4.568331562364e+00
2.210000000000e+01  -1.854412992027e+01 -5.194236809763e+00 2.700841494703e+00 -4.636032480067e+00
2.215000000000e+01  -1.879264587255e+01 -4.745405673626e+00 2.467463271686e+00 -4.698161468136e+00
2.220000000000e+01  -1.901857542128e+01 -4.290871155006e+00 2.231119467268e+00 -4.754643855321e+00
2.225000000000e+01  -1.922164702750e+01 -3.831179547391e+00 1.992094137064e+00 -4.805411756874e+00
2.230000000000e+01  -1.940161662459e+01 -3.366883342443e+00 1.750674559543e+00 -4.850404156146e+00
2.235000000000e+01  -1.955826791166e+01 -2.898540565973e+00 1.507150890761e+00 -4.889566977916e+00
2.240000000000e+01  -1.969141261353e+01 -2.426714107263e+00 1.261815815628e+00 -4.922853153382e+00
2.245000000000e+01  -1.980089070695e+01 -1.951971042544e+00 1.014964196136e+00 -4.950222676736e+00
2.250000000000e+01  -1.988657061298e+01 -1.474881953441e+00 7.668927169734e-01 -4.971642653245e+00
2.255000000000e+01  -1.994834935513e+01 -9.960202412088e-01 5.178995289480e-01 -4.987087338783e+00
2.260000000000e+01  -1.998615268310e+01 -5.159614375698e-01 2.682838906451e-01 -4.996538170775e+00
2.265000000000e+01  -1.999993516202e+01 -3.528251300170e-02 1.834580875736e-02 -4.999983790506e+00
2.270000000000e+01  -1.998968022710e+01 4.454388167106e-01 -2.316143224857e-01 -4.997420056774e+00
2.275000000000e+01  -1.995540020346e+01 9.256247848166e-01 -4.812960823541e-01 -4.988850050865e+00
2.280000000000e+01  -1.989713629140e+01 1.404698268003e+00 -7.303993846853e-01 -4.974284072851e+00
2.285000000000e+01  -1.981495851685e+01 1.882083480025e+00 -9.786248385501e-01 -4.953739629212e+00
2.290000000000e+01  -1.970896564717e+01 2.357206663725e+00 -1.225674108083e+00 -4.927241411793e+00
2.295000000000e+01  -1.957928507251e+01 2.829496780625e+00 -1.471250271046e+00 -4.894821268127e+00
2.300000000000e+01  -1.942607265265e+01 3.298386197232e+00 -1.715058175687e+00 -4.856518163163e+00
2.305000000000e+01  -1.924951252971e+01 3.763311367273e+00 -1.956804795483e+00 -4.812378132427e+00
2.310000000000e+01  -1.904981690681e+01 4.223713509000e+00 -2.196199581314e+00 -4.762454226703e+00
2.315000000000e+01  -1.882722579306e+01 4.679039276778e+00 -2.432954810669e+00 -4.706806448264e+00
2.320000000000e+01  -1.858200671504e+01 5.128741426137e+00 -2.666785933456e+00 -4.645501678760e+00
2.325000000000e+01  -1.831445439535e+01 5.572279471492e+00 -2.897411913989e+00 -4.578613598837e+00
2.330000000000e+01  -1.802489039831e+01 6.009120335736e+00 -3.124555568763e+00 -4.506222599578e+00
2.335000000000e+01  -1.771366274354e+01 6.438738990936e+00 -3.347943899592e+00 -4.428415685886e+00
2.340000000000e+01  -1.738114548765e+01 6.860619089347e+00 -3.567308421717e+00 -4.345286371913e+00
2.345000000000e+01  -1.702773827468e+01 7.274253583999e+00 -3.782385486493e+00 -4.256934568670e+00
2.350000000000e+01  -1.665386585578e+01 7.679145338105e+00 -3.992916598263e+00 -4.163466463944e+00
2.355000000000e+01  -1.625997757870e+01 8.074807722554e+00 -4.198648725031e+00 -4.064994394675e+00
2.360000000000e+01  -1.584654684776e+01 8.460765200780e+00 -4.399334602584e+00 -3.961636711941e+00
2.365000000000e+01  -1.541407055486e+01 8.836553900299e+00 -4.594733031665e+00 -3.853517638714e+00
2.370000000000e+01  -1.496306848225e+01 9.201722170221e+00 -4.784609167866e+00 -3.740767120561e+00
2.375000000000e+01  -1.449408267786e+01 9.555831124082e+00 -4.968734803886e+00 -3.623520669466e+00
2.380000000000e+01  -1.400767680383e+01 9.898455167331e+00 -5.146888643801e+00 -3.501919200958e+00
2.385000000000e+01  -1.350443545901e+01 1.022918250883e+01 -5.318856569039e+00 -3.376108864753e+00
2.390000000000e+01  -1.298496347638e+01 1.054761565581e+01 -5.484431895719e+00 -3.246240869096e+00
2.395000000000e+01  -1.244988519613e+01 1.085337189154e+01 -5.643415623064e+00 -3.112471299032e+00
2.400000000000e+01  -1.189984371523e+01 1.114608373538e+01 -5.795616672573e+00 -2.974960928808e+00
2.405000000000e+01  -1.133550011457e+01 1.142539938441e+01 -5.940852117672e+00 -2.833875028643e+00
2.410000000000e+01  -1.075753266439e+01 1.169098313624e+01 -6.078947403571e+00 -2.689383166097e+00
2.415000000000e+01  -1.016663600907e+01 1.194251579252e+01 -6.209736557053e+00 -2.541659002267e+00
2.420000000000e+01  -9.563520332284e+00 1.217969504252e+01 -6.333062385960e+00 -2.390880083071e+00
2.425000000000e+01  -8.948910503447e+00 1.240223582655e+01 -6.448776668111e+00 -2.237227625862e+00
2.430000000000e+01  -8.323545206491e+00 1.260987067849e+01 -6.556740329452e+00 -2.080886301623e+00
2.435000000000e+01  -7.688176052076e+00 1.280235004728e+01 -6.656823611202e+00 -1.922044013019e+00
2.440000000000e+01  -7.043566674244e+00 1.297944259686e+01 -6.748906225808e+00 -1.760891668561e+00
2.445000000000e+01  -6.390491812626e+00 1.314093548421e+01 -6.832877501514e+00 -1.597622953156e+00
2.450000000000e+01  -5.729736381302e+00 1.328663461512e+01 -6.908636515380e+00 -1.432434095325e+00
2.455000000000e+01  -5.062094525436e+00 1.341636487750e+01 -6.976092214572e+00 -1.265523631359e+00
2.460000000000e+01  -4.388368666808e+00 1.352997035186e+01 -7.035163525798e+00 -1.097092166702e+00
2.465000000000e+01  -3.709368539409e+00 1.362731449866e+01 -7.085779452752e+00 -9.273421348523e-01
2.470000000000e+01  -3.025910216238e+00 1.370828032244e+01 -7.127879161436e+00 -7.564775540594e-01
2.475000000000e+01  -2.338815128485e+00 1.377277051245e+01 -7.161412053283e+00 -5.847037821212e-01
2.480000000000e+01  -1.648909078278e+00 1.382070755955e+01 -7.186337825960e+00 -4.122272695694e-01
2.485000000000e+01  -9.570212461660e-01 1.385203384944e+01 -7.202626521815e+00 -2.392553115415e-01
2.490000000000e+01  -2.639831945543e-01 1.386671173183e+01 -7.210258563879e+00 -6.599579863856e-02
2.495000000000e+01  4.293721317342e-01 1.386472356576e+01 -7.209224779395e+00 1.073430329336e-01
2.500000000000e+01  1.122211406552e+00 1.384607174075e+01 -7.199526410841e+00 2.805528516379e-01
2.505000000000e+01  1.813701923979e+00 1.381077867396e+01 -7.181175114442e+00 4.534254809948e-01
2.510000000000e+01  2.503012599136e+00 1.375888678323e+01 -7.154192946154e+00 6.257531497840e-01
2.515000000000e+01  3.189314967037e+00 1.369045843610e+01 -7.118612335160e+00 7.973287417592e-01
2.520000000000e+01  3.871784178306e+00 1.360557587486e+01 -7.074476044892e+00 9.679460445765e-01
2.525000000000e+01  4.549599990541e+00 1.350434111772e+01 -7.021837121636e+00 1.137399997635e+00
2.530000000000e+01  5.221947754140e+00 1.338687583615e+01 -6.960758830777e+00 1.305486938535e+00
2.535000000000e+01  5.888019391413e+00 1.325332120868e+01 -6.891314580760e+00 1.472004847853e+00
2.540000000000e+01  6.547014367783e+00 1.310383775124e+01 -6.813587834865e+00 1.636753591946e+00
2.545000000000e+01  7.198140653934e+00 1.293860512419e+01 -6.727672010893e+00 1.799535163484e+00
2.550000000000e+01  7.840615677730e+00 1.275782191643e+01 -6.633670368891e+00 1.960153919433e+00
2.555000000000e+01  8.473667264765e+00 1.256170540670e+01 -6.531695887042e+00 2.118416816191e+00
2.560000000000e+01  9.096534566424e+00 1.235049130245e+01 -6.421871125886e+00 2.274133641606e+00
2.565000000000e+01  9.708468974324e+00 1.212443345655e+01 -6.304328081012e+00 2.427117243581e+00
2.570000000000e+01  1.030873502005e+01 1.188380356218e+01 -6.179208024420e+00 2.577183755013e+00
2.575000000000e+01  1.089661125910e+01 1.162889082629e+01 -6.046661334726e+00 2.724152814774e+00
2.580000000000e+01  1.147139113795e+01 1.136000162202e+01 -5.906847316428e+00 2.867847784488e+00
2.585000000000e+01  1.203238384328e+01 1.107745912048e+01 -5.759934008443e+00 3.008095960820e+00
2.590000000000e+01  1.257891513221e+01 1.078160290232e+01 -5.606097982143e+00 3.144728783053e+00
2.595000000000e+01  1.311032814267e+01 1.047278854960e+01 -5.445524129138e+00 3.277582035668e+00
2.600000000000e+01  1.362598418287e+01 1.015138721846e+01 -5.278405439062e+00 3.406496045719e+00
2.605000000000e+01  1.412526349892e+01 9.817785192993e+00 -5.104942767622e+00 3.531315874731e+00
2.610000000000e+01  1.460756601970e+01 9.472383420985e+00 -4.925344595196e+00 3.651891504925e+00
2.615000000000e+01  1.507231207805e+01 9.115597032054e+00 -4.739826776263e+00 3.768078019514e+00
2.620000000000e+01  1.551894310752e+01 8.747854838696e+00 -4.548612279975e+00 3.879735776879e+00
2.625000000000e+01  1.594692231360e+01 8.369598820907e+00 -4.351930922178e+00 3.986730578399e+00
2.630000000000e+01  1.635573531896e+01 7.981283594984e+00 -4.150019089197e+00 4.088933829741e+00
2.635000000000e+01  1.674489078166e+01 7.583375867130e+00 -3.943119453733e+00 4.186222695415e+00
2.640000000000e+01  1.711392098562e+01 7.176353872532e+00 -3.731480683202e+00 4.278480246404e+00
2.645000000000e+01  1.746238240282e+01 6.760706800583e+00 -3.515357140863e+00 4.365595600704e+00
2.650000000000e+01  1.778985622633e+01 6.336934206936e+00 -3.295008580111e+00 4.447464056583e+00
2.655000000000e+01  1.809594887370e+01 5.905545413104e+00 -3.070699832280e+00 4.523987218425e+00
2.660000000000e+01  1.838029245994e+01 5.467058894316e+00 -2.842700488357e+00 4.595073114986e+00
2.665000000000e+01  1.864254523974e+01 5.022001656376e+00 -2.611284574957e+00 4.660636309934e+00
2.670000000000e+01  1.888239201812e+01 4.570908602271e+00 -2.376730224988e+00 4.720598004531e+00
2.675000000000e+01  1.909954452936e+01 4.114321889279e+00 -2.139319343362e+00 4.774886132339e+00
2.680000000000e+01  1.929374178336e+01 3.652790277368e+00 -1.899337268185e+00 4.823435445839e+00
2.685000000000e+01  1.946475037937e+01 3.186868469655e+00 -1.657072427816e+00 4.866187594843e+00
2.690000000000e+01  1.961236478652e+01 2.717116445720e+00 -1.412815994209e+00 4.903091196631e+00
2.695000000000e+01  1.973640759080e+01 2.244098788586e+00 -1.166861532965e+00 4.934101897700e+00
2.700000000000e+01  1.983672970832e+01 1.768384006154e+00 -9.195046505026e-01 4.959182427079e+00
2.705000000000e+01  1.991321056446e+01 1.290543847932e+00 -6.710426387718e-01 4.978302641115e+00
2.710000000000e+01  1.996575823884e+01 8.111526178655e-01 -4.217741179513e-01 4.991439559711e+00
2.715000000000e+01  1.999430957574e+01 3.307864840911e-01 -1.719986775422e-01 4.998577393936e+00
2.720000000000e+01  1.999883026004e+01 -1.499772135413e-01 7.798348370083e-02 4.999707565010e+00
2.725000000000e+01  1.997931485844e+01 -6.305606573603e-01 3.278719185704e-01 4.994828714610e+00
2.730000000000e+01  1.993578682600e+01 -1.110386246337e+00 5.773662925065e-01 4.983946706501e+00
2.735000000000e+01  1.986829847797e+01 -1.588877290288e+00 8.261667445611e-01 4.967074619492e+00
2.740000000000e+01  1.977693092687e+01 -2.065458702988e+00 1.073974247793e+00 4.944232731717e+00
2.745000000000e+01  1.966179398504e+01 -2.539557693346e+00 1.320490968662e+00 4.915448496260e+00
2.750000000000e+01  1.952302603265e+01 -3.010604453834e+00 1.565420624984e+00 4.880756508163e+00
2.755000000000e+01  1.936079385138e+01 -3.478032845320e+00 1.808468842030e+00 4.840198462844e+00
2.760000000000e+01  1.917529242395e+01 -3.941281077498e+00 2.049343506324e+00 4.793823105988e+00
2.765000000000e+01  1.896674469983e+01 -4.399792384090e+00 2.287755116727e+00 4.741686174957e+00
2.770000000000e+01  1.873540132722e+01 -4.853015692007e+00 2.523417132384e+00 4.683850331806e+00
2.775000000000e+01  1.848154035185e+01 -5.300406283673e+00 2.756046317107e+00 4.620385087962e+00
2.780000000000e+01  1.820546688277e+01 -5.741426451704e+00 2.985363079789e+00 4.551366720692e+00
2.785000000000e+01  1.790751272567e+01 -6.175546145168e+00 3.211091810441e+00 4.476878181417e+00
2.790000000000e+01  1.758803598407e+01 -6.602243606636e+00 3.432961211438e+00 4.397008996018e+00
2.795000000000e+01  1.724742062897e+01 -7.021005999272e+00 3.650704623584e+00 4.311855157242e+00
2.800000000000e+01  1.688607603729e+01 -7.431330023199e+00 3.864060346606e+00 4.221519009323e+00
2.805000000000e+01  1.650443649993e+01 -7.832722520398e+00 4.072771953682e+00 4.126109124982e+00
2.810000000000e+01  1.610296069973e+01 -8.224701067427e+00 4.276588599635e+00 4.025740174934e+00
2.815000000000e+01  1.568213116028e+01 -8.606794555232e+00 4.475265322417e+00 3.920532790070e+00
2.820000000000e+01  1.524245366589e+01 -8.978543755358e+00 4.668563337524e+00 3.810613416473e+00
2.825000000000e+01  1.478445665378e+01 -9.339501871890e+00 4.856250324984e+00 3.696114163445e+00
2.830000000000e+01  1.430869057891e+01 -9.689235078439e+00 5.038100708576e+00 3.577172644728e+00
2.835000000000e+01  1.381572725245e+01 -1.002732303955e+01 5.213895926945e+00 3.453931813112e+00
2.840000000000e+01  1.330615915448e+01 -1.035335941590e+01 5.383424696286e+00 3.326539788621e+00
2.845000000000e+01  1.278059872197e+01 -1.066695235265e+01 5.546483264278e+00 3.195149680492e+00
2.850000000000e+01  1.223967761262e+01 -1.096772495041e+01 5.702875654972e+00 3.059919403156e+00
2.855000000000e+01  1.168404594580e+01 -1.125531571825e+01 5.852413904329e+00 2.921011486449e+00
2.860000000000e+01  1.111437152106e+01 -1.152937900813e+01 5.994918286126e+00 2.778592880265e+00
2.865000000000e+01  1.053133901563e+01 -1.178958543035e+01 6.130217527968e+00 2.632834753909e+00
2.870000000000e+01  9.935649161472e+00 -1.203562224941e+01 6.258149017135e+00 2.483912290368e+00
2.875000000000e+01  9.328017903072e+00 -1.226719375993e+01 6.378558996020e+00 2.332004475768e+00
2.880000000000e+01  8.709175537002e+00 -1.248402164198e+01 6.491302746931e+00 2.177293884251e+00
2.885000000000e+01  8.079865834178e+00 -1.268584529564e+01 6.596244766018e+00 2.019966458545e+00
2.890000000000e+01  7.440845145940e+00 -1.287242215420e+01 6.693258926136e+00 1.860211286485e+00
2.895000000000e+01  6.792881495017e+00 -1.304352797567e+01 6.782228628430e+00 1.698220373754e+00
2.900000000000e+01  6.136753652453e+00 -1.319895711231e+01 6.863046942476e+00 1.534188413113e+00
2.905000000000e+01  5.473250201632e+00 -1.333852275779e+01 6.935616734797e+00 1.368312550408e+00
2.910000000000e+01  4.803168590490e+00 -1.346205717171e+01 6.999850785604e+00 1.200792147622e+00
2.915000000000e+01  4.127314173088e+00 -1.356941188120e+01 7.055671893622e+00 1.031828543272e+00
2.920000000000e+01  3.446499241677e+00 -1.366045785936e+01 7.103012968883e+00 8.616248104193e-01
2.925000000000e+01  2.761542050423e+00 -1.373508568034e+01 7.141817113349e+00 6.903855126057e-01
2.930000000000e+01  2.073265831968e+00 -1.379320565086e+01 7.172037689306e+00 5.183164579921e-01
2.935000000000e+01  1.382497808011e+00 -1.383474791800e+01 7.193638375413e+00 3.456244520027e-01
2.940000000000e+01  6.900681950850e-01 -1.385966255318e+01 7.206593210352e+00 1.725170487713e-01
2.945000000000e+01  -3.190793252427e-03 -1.386791961212e+01 7.210886624039e+00 -7.976983131106e-04
2.950000000000e+01  -6.964459466398e-01 -1.385950917087e+01 7.206513456328e+00 -1.741114866600e-01
2.955000000000e+01  -1.388864059325e+00 -1.383444133774e+01 7.193478963218e+00 -3.472160148312e-01
2.960000000000e+01  -2.079612931572e+00 -1.379274624111e+01 7.171798810536e+00 -5.199032328931e-01
2.965000000000e+01  -2.767862369866e+00 -1.373447399326e+01 7.141499055107e+00 -6.919655924664e-01
2.970000000000e+01  -3.452785184694e+00 -1.365969463013e+01 7.102616113436e+00 -8.631962961736e-01
2.975000000000e+01  -4.133558184732e+00 -1.356849802713e+01 7.055196717945e+00 -1.033389546183e+00
2.980000000000e+01  -4.809363166208e+00 -1.346099379114e+01 6.999297860798e+00 -1.202340791552e+00
2.985000000000e+01  -5.479387896289e+00 -1.333731112877e+01 6.934986725413e+00 -1.369846974072e+00
2.990000000000e+01  -6.142827089279e+00 -1.319759869108e+01 6.862340605709e+00 -1.535706772320e+00
2.995000000000e+01  -6.798883374469e+00 -1.304202439489e+01 6.781446813212e+00 -1.699720843617e+00
3.000000000000e+01  -7.446768254481e+00 -1.287077522099e+01 6.692402572115e+00 -1.861692063620e+00
3.005000000000e+01  -8.085703052943e+00 -1.268405698941e+01 6.595314902429e+00 -2.021425763236e+00
3.010000000000e+01  -8.714919850355e+00 -1.248209411206e+01 6.490300491358e+00 -2.178729962589e+00
3.015000000000e+01  -9.333662407039e+00 -1.226512932298e+01 6.377485553054e+00 -2.333415601760e+00
3.020000000000e+01  -9.941187072039e+00 -1.203342338664e+01 6.257005676924e+00 -2.485296768010e+00
3.025000000000e+01  -1.053676367690e+01 -1.178725478452e+01 6.129005664671e+00 -2.634190919224e+00
3.030000000000e+01  -1.111967641323e+01 -1.152691938041e+01 5.993639356257e+00 -2.779919103307e+00
3.035000000000e+01  -1.168922469302e+01 -1.125273006481e+01 5.851069445008e+00 -2.922306173256e+00
3.040000000000e+01  -1.224472399068e+01 -1.096501637890e+01 5.701467282077e+00 -3.061180997671e+00
3.045000000000e+01  -1.278550666572e+01 -1.066412411844e+01 5.545012670504e+00 -3.196376666429e+00
3.050000000000e+01  -1.331092276516e+01 -1.035041491819e+01 5.381893649110e+00 -3.327730691291e+00
3.055000000000e+01  -1.382034080477e+01 -1.002426581727e+01 5.212306266503e+00 -3.455085201193e+00
3.060000000000e+01  -1.431314852795e+01 -9.686068806008e+00 5.036454345448e+00 -3.578287131986e+00
3.065000000000e+01  -1.478875364160e+01 -9.336230354784e+00 4.854549237900e+00 -3.697188410400e+00
3.070000000000e+01  -1.524658452804e+01 -8.975170925548e+00 4.666809570987e+00 -3.811646132010e+00
3.075000000000e+01  -1.568609093195e+01 -8.603324466454e+00 4.473460984243e+00 -3.921522732989e+00
3.080000000000e+01  -1.610674462177e+01 -8.221137890311e+00 4.274735858421e+00 -4.026686155442e+00
3.085000000000e+01  -1.650804002450e+01 -7.829070537453e+00 4.070873036202e+00 -4.127010006124e+00
3.090000000000e+01  -1.688949483339e+01 -7.427593623671e+00 3.862117535130e+00 -4.222373708349e+00
3.095000000000e+01  -1.725065058762e+01 -7.017189673865e+00 3.648720253138e+00 -4.312662646906e+00
3.100000000000e+01  -1.759107322326e+01 -6.598351942113e+00 3.430937666996e+00 -4.397768305814e+00
3.105000000000e+01  -1.791035359498e+01 -6.171583818843e+00 3.209031524061e+00 -4.477588398746e+00
3.110000000000e+01  -1.820810796783e+01 -5.737398225817e+00 2.983268527687e+00 -4.552026991959e+00
3.115000000000e+01  -1.848397847840e+01 -5.296316999667e+00 2.753920016684e+00 -4.620994619600e+00
3.120000000000e+01  -1.873763356492e+01 -4.848870264710e+00 2.521261639197e+00 -4.684408391230e+00
3.125000000000e+01  -1.896876836579e+01 -4.395595795807e+00 2.285573021420e+00 -4.742192091448e+00
3.130000000000e+01  -1.917710508598e+01 -3.937038372025e+00 2.047137431512e+00 -4.794276271494e+00
3.135000000000e+01  -1.936239333086e+01 -3.473749121879e+00 1.806241439151e+00 -4.840598332716e+00
3.140000000000e+01  -1.952441040722e+01 -3.006284860945e+00 1.563174571109e+00 -4.881102601804e+00
3.145000000000e+01  -1.966296159083e+01 -2.535207422641e+00 1.318228963277e+00 -4.915740397708e+00
3.150000000000e+01  -1.977788036057e+01 -2.061082982970e+00 1.071699009558e+00 -4.944470090141e+00
3.155000000000e+01  -1.986902859846e+01 -1.584481380046e+00 8.238810080374e-01 -4.967257149616e+00
3.160000000000e+01  -1.993629675578e+01 -1.105975429227e+00 5.750728048754e-01 -4.984074188945e+00
3.165000000000e+01  -1.997960398463e+01 -6.261402346544e-01 3.255734363283e-01 -4.994900996156e+00
3.170000000000e+01  -1.999889823514e+01 -1.455524980565e-01 7.568276934730e-02 -4.999724558785e+00
3.175000000000e+01  -1.999415631806e+01 3.352101743787e-01 -1.742988588250e-01 -4.998539079515e+00
3.180000000000e+01  -1.996538393257e+01 8.155699662116e-01 -4.240710016220e-01 -4.991345983143e+00
3.185000000000e+01  -1.991261565947e+01 1.294949545215e+00 -6.733334642521e-01 -4.978153914868e+00
3.190000000000e+01  -1.983591491962e+01 1.772772757254e+00 -9.217866644956e-01 -4.958978729904e+00
3.195000000000e+01  -1.973537389767e+01 2.248465318753e+00 -1.169131992765e+00 -4.933843474417e+00
3.200000000000e+01  -1.961111343133e+01 2.721455506910e+00 -1.415072170994e+00 -4.902778357833e+00
3.205000000000e+01  -1.946328286610e+01 3.191174846836e+00 -1.659311609934e+00 -4.865820716525e+00
3.210000000000e+01  -1.929205987578e+01 3.657058794793e+00 -1.901556764409e+00 -4.823014968945e+00
3.215000000000e+01  -1.909765024893e+01 4.118547416703e+00 -2.141516486123e+00 -4.774412562231e+00
3.220000000000e+01  -1.888028764153e+01 4.575086061118e+00 -2.378902373585e+00 -4.720071910383e+00
3.225000000000e+01  -1.864023329620e+01 5.026126025843e+00 -2.613429118728e+00 -4.660058324049e+00
3.230000000000e+01  -1.837777572813e+01 5.471125217405e+00 -2.844814849818e+00 -4.594443932034e+00
3.235000000000e+01  -1.809323037843e+01 5.909548802585e+00 -3.072781470224e+00 -4.523307594607e+00
3.240000000000e+01  -1.778693923490e+01 6.340869851215e+00 -3.297054992657e+00 -4.446734808726e+00
3.245000000000e+01  -1.745927042110e+01 6.764569969488e+00 -3.517365868471e+00 -4.364817605275e+00
3.250000000000e+01  -1.711061775385e+01 7.180139923000e+00 -3.733449311622e+00 -4.277654438462e+00
3.255000000000e+01  -1.674140026992e+01 7.587080248782e+00 -3.945045616911e+00 -4.185350067480e+00
3.260000000000e+01  -1.635206172243e+01 7.984901855598e+00 -4.151900472115e+00 -4.088015430608e+00
3.265000000000e+01  -1.594307004749e+01 8.373126611769e+00 -4.353765263640e+00 -3.985767511873e+00
3.270000000000e+01  -1.551491680180e+01 8.751287919825e+00 -4.550397375324e+00 -3.878729200451e+00
3.275000000000e+01  -1.506811657187e+01 9.118931277301e+00 -4.741560480028e+00 -3.767029142967e+00
3.280000000000e+01  -1.460320635553e+01 9.475614822986e+00 -4.927024823674e+00 -3.650801588883e+00
3.285000000000e+01  -1.412074491657e+01 9.820909867991e+00 -5.106567501380e+00 -3.530186229142e+00
3.290000000000e+01  -1.362131211312e+01 1.015440141098e+01 -5.279972725365e+00 -3.405328028281e+00
3.295000000000e+01  -1.310550820079e+01 1.047568863693e+01 -5.447032084297e+00 -3.276377050198e+00
3.300000000000e+01  -1.257395311119e+01 1.078438539890e+01 -5.607544793776e+00 -3.143488277798e+00
3.305000000000e+01  -1.202728570688e+01 1.108012068210e+01 -5.761317937658e+00 -3.006821426720e+00
3.310000000000e+01  -1.146616301351e+01 1.136253904980e+01 -5.908166699907e+00 -2.866540753378e+00
3.315000000000e+01  -1.089125943020e+01 1.163130107054e+01 -6.047914586729e+00 -2.722814857549e+00
3.320000000000e+01  -1.030326591894e+01 1.188608372608e+01 -6.180393638688e+00 -2.575816479736e+00
3.325000000000e+01  -9.702889174216e+00 1.212658079962e+01 -6.305444632580e+00 -2.425722293554e+00
3.330000000000e+01  -9.090850773562e+00 1.235250324384e+01 -6.422917272793e+00 -2.272712693391e+00
3.335000000000e+01  -8.467886310386e+00 1.256357952829e+01 -6.532670371945e+00 -2.116971577597e+00
3.340000000000e+01  -7.834744509846e+00 1.275955596576e+01 -6.634572020576e+00 -1.958686127462e+00
3.345000000000e+01  -7.192186328984e+00 1.294019701714e+01 -6.728499745685e+00 -1.798046582246e+00
3.350000000000e+01  -6.540984042148e+00 1.310528557454e+01 -6.814340657924e+00 -1.635246010537e+00
3.355000000000e+01  -5.881920312821e+00 1.325462322223e+01 -6.891991587284e+00 -1.470480078205e+00
3.360000000000e+01  -5.215787252951e+00 1.338803047507e+01 -6.961359207085e+00 -1.303946813238e+00
3.365000000000e+01  -4.543385470936e+00 1.350534699429e+01 -7.022360146148e+00 -1.135846367734e+00
3.370000000000e+01  -3.865523109392e+00 1.360643178013e+01 -7.074921088996e+00 -9.663807773480e-01
3.375000000000e+01  -3.183014873866e+00 1.369116334137e+01 -7.118978863966e+00 -7.957537184664e-01
3.380000000000e+01  -2.496681053662e+00 1.375943984130e+01 -7.154480519139e+00 -6.241702634156e-01
3.385000000000e+01  -1.807346535960e+00 1.381117922011e+01 -7.181383385977e+00 -4.518366339901e-01
3.390000000000e+01  -1.115839814400e+00 1.384631929358e+01 -7.199655130609e+00 -2.789599535999e-01
3.395000000000e+01  -4.229919933376e-01 1.386481782774e+01 -7.209273792689e+00 -1.057479983344e-01
3.400000000000e+01  2.703642110360e-01 1.386665258966e+01 -7.210227811792e+00 6.759105275901e-02
3.405000000000e+01  9.633954715179e-01 1.385182137421e+01 -7.202516041308e+00 2.408488678795e-01
3.410000000000e+01  1.655268851447e+00 1.382034200663e+01 -7.186147749816e+00 4.138172128617e-01
3.415000000000e+01  2.345152805788e+00 1.377225232118e+01 -7.161142609952e+00 5.862882014471e-01
3.420000000000e+01  3.032218180548e+00 1.370761011564e+01 -7.127530674756e+00 7.580545451371e-01
3.425000000000e+01  3.715639209313e+00 1.362649308183e+01 -7.085352341562e+00 9.289098023281e-01
3.430000000000e+01  4.394594505713e+00 1.352899871224e+01 -7.034658303434e+00 1.098648626428e+00
3.435000000000e+01  5.068268050631e+00 1.341524418289e+01 -6.975509488251e+00 1.267067012658e+00
3.440000000000e+01  5.735850172952e+00 1.328536621245e+01 -6.907976985469e+00 1.433962543238e+00
3.445000000000e+01  6.396538522688e+00 1.313952089796e+01 -6.832141960689e+00 1.599134630672e+00
3.450000000000e+01  7.049539035301e+00 1.297788352720e+01 -6.748095558100e+00 1.762384758825e+00
3.455000000000e+01  7.694066886066e+00 1.280064836801e+01 -6.655938790937e+00 1.923516721517e+00
3.460000000000e+01  8.329347433340e+00 1.260802843482e+01 -6.555782420077e+00 2.082336858335e+00
3.465000000000e+01  8.954617149574e+00 1.240025523265e+01 -6.447746820918e+00 2.238654287394e+00
3.470000000000e+01  9.569124538988e+00 1.217757847882e+01 -6.331961838701e+00 2.392281134747e+00
3.475000000000e+01  1.017213104076e+01 1.194026580286e+01 -6.208566632454e+00 2.543032760191e+00
3.480000000000e+01  1.076291191671e+01 1.168860242486e+01 -6.077709507741e+00 2.690727979178e+00
3.485000000000e+01  1.134075712231e+01 1.142289081263e+01 -5.939547738414e+00 2.835189280577e+00
3.490000000000e+01  1.190497216008e+01 1.114345031820e+01 -5.794247377593e+00 2.976243040021e+00
3.495000000000e+01  1.245487891433e+01 1.085061679401e+01 -5.641983058090e+00 3.113719728582e+00
3.500000000000e+01  1.298981646608e+01 1.054474218923e+01 -5.482937782521e+00 3.247454116519e+00
3.505000000000e+01  1.350914188749e+01 1.022619412677e+01 -5.317302703363e+00 3.377285471872e+00
3.510000000000e+01  1.401223101454e+01 9.895355461449e+00 -5.145276893207e+00 3.503057753634e+00
3.515000000000e+01  1.449847919718e+01 9.552623819861e+00 -4.967067105503e+00 3.624619799294e+00
3.520000000000e+01  1.496730202608e+01 9.198411122454e+00 -4.782887526069e+00 3.741825506520e+00
3.525000000000e+01  1.541813603500e+01 8.833143088468e+00 -4.592959515658e+00 3.854534008750e+00
3.530000000000e+01  1.585043937800e+01 8.457258724272e+00 -4.397511343922e+00 3.962609844500e+00
3.535000000000e+01  1.626369248068e+01 8.071209795731e+00 -4.196777915052e+00 4.065923120169e+00
3.540000000000e+01  1.665739866463e+01 7.675460285243e+00 -3.991000485455e+00 4.164349666157e+00
3.545000000000e+01  1.703108474439e+01 7.270485834089e+00 -3.780426373794e+00 4.257771186098e+00
3.550000000000e+01  1.738430159617e+01 6.856773170772e+00 -3.565308663744e+00 4.346075399043e+00
3.555000000000e+01  1.771662469761e+01 6.434819526027e+00 -3.345905899814e+00 4.429156174402e+00
3.560000000000e+01  1.802765463801e+01 6.005132035219e+00 -3.122481776612e+00 4.506913659501e+00
3.565000000000e+01  1.831701759839e+01 5.568227128825e+00 -2.895304821913e+00 4.579254399597e+00
3.570000000000e+01  1.858436580077e+01 5.124629911750e+00 -2.664648073926e+00 4.646091450192e+00
3.575000000000e+01  1.882937792613e+01 4.674873532216e+00 -2.430788753136e+00 4.707344481532e+00
3.580000000000e+01  1.905175950063e+01 4.219498540987e+00 -2.194007929118e+00 4.762939875157e+00
3.585000000000e+01  1.925124324950e+01 3.759052241695e+00 -1.954590182728e+00 4.812810812376e+00
3.590000000000e+01  1.942758941830e+01 3.294088033046e+00 -1.712823264071e+00 4.856897354576e+00
3.595000000000e+01  1.958058606105e+01 2.825164743707e+00 -1.468997746663e+00 4.895146515263e+00
3.600000000000e+01  1.971004929497e+01 2.352845960665e+00 -1.223406678198e+00 4.927512323744e+00
3.605000000000e+01  1.981582352150e+01 1.877699351861e+00 -9.763452283407e-01 4.953955880374e+00
3.610000000000e+01  1.989778161326e+01 1.400295983932e+00 -7.281103339690e-01 4.974445403316e+00
3.615000000000e+01  1.995582506693e+01 9.212096358550e-01 -4.790003422949e-01 4.988956266733e+00
3.620000000000e+01  1.998988412155e+01 4.410161093367e-01 -2.293146522873e-01 4.997471030387e+00
3.625000000000e+01  1.999991784240e+01 -3.970746322529e-02 2.064664516772e-02 4.999979460599e+00
3.630000000000e+01  1.998591417021e+01 -5.203833123846e-01 2.705831279386e-01 4.996478542553e+00
3.635000000000e+01  1.994788993565e+01 -1.000433726053e+00 5.201944037177e-01 4.986972483912e+00
3.640000000000e+01  1.988589083906e+01 -1.479281743836e+00 7.691804710557e-01 4.971472709766e+00
3.645000000000e+01  1.979999139560e+01 -1.956351850469e+00 1.017242079925e+00 4.949997848901e+00
3.650000000000e+01  1.969029484562e+01 -2.431070667515e+00 1.264081091382e+00 4.922573711406e+00
3.655000000000e+01  1.955693303062e+01 -2.902867642490e+00 1.509400835890e+00 4.889233257655e+00
3.660000000000e+01  1.940006623477e+01 -3.371175734599e+00 1.752906469884e+00 4.850016558693e+00
3.665000000000e+01  1.921988299230e+01 -3.835432096246e+00 1.994305330128e+00 4.804970748074e+00
3.670000000000e+01  1.901659986085e+01 -4.295078749508e+00 2.233307285468e+00 4.754149965213e+00
3.675000000000e+01  1.879046116127e+01 -4.749563256751e+00 2.469625085525e+00 4.697615290317e+00
3.680000000000e+01  1.854173868391e+01 -5.198339384596e+00 2.702974705943e+00 4.635434670977e+00
3.685000000000e+01  1.827073136199e+01 -5.640867760419e+00 2.933075689741e+00 4.567682840497e+00
3.690000000000e+01  1.797776491233e+01 -6.076616520611e+00 3.159651484394e+00 4.494441228083e+00
3.695000000000e+01  1.766319144387e+01 -6.505061949808e+00 3.382429774213e+00 4.415797860967e+00
3.700000000000e+01  1.732738903445e+01 -6.925689110337e+00 3.601142807631e+00 4.331847258613e+00
3.705000000000e+01  1.697076127647e+01 -7.337992461103e+00 3.815527719013e+00 4.242690319118e+00
3.710000000000e+01  1.659373679176e+01 -7.741476465186e+00 4.025326844580e+00 4.148434197941e+00
3.715000000000e+01  1.619676871648e+01 -8.135656185414e+00 4.230288032094e+00 4.049192179119e+00
3.720000000000e+01  1.578033415646e+01 -8.520057867199e+00 4.430164943914e+00 3.945083539114e+00
3.725000000000e+01  1.534493361382e+01 -8.894219507926e+00 4.624717353058e+00 3.836233403455e+00
3.730000000000e+01  1.489109038541e+01 -9.257691412229e+00 4.813711431929e+00 3.722772596352e+00
3.735000000000e+01  1.441934993387e+01 -9.610036732462e+00 4.996920033347e+00 3.604837483468e+00
3.740000000000e+01  1.393027923207e+01 -9.950831993738e+00 5.174122963549e+00 3.482569808019e+00
3.745000000000e+01  1.342446608166e+01 -1.027966760289e+01 5.345107246836e+00 3.356116520415e+00
3.750000000000e+01  1.290251840660e+01 -1.059614834076e+01 5.509667381544e+00 3.225629601651e+00
3.755000000000e+01  1.236506352255e+01 -1.089989383720e+01 5.667605587027e+00 3.091265880638e+00
3.760000000000e+01  1.181274738287e+01 -1.119053902819e+01 5.818732041372e+00 2.953186845718e+00
3.765000000000e+01  1.124623380230e+01 -1.146773459469e+01 5.962865109531e+00 2.811558450575e+00
3.770000000000e+01  1.066620365911e+01 -1.173114738238e+01 6.099831561635e+00 2.666550914779e+00
3.775000000000e+01  1.007335407680e+01 -1.198046080212e+01 6.229466781184e+00 2.518338519201e+00
3.780000000000e+01  9.468397586214e+00 -1.221537521045e+01 6.351614962902e+00 2.367099396554e+00
3.785000000000e+01  8.852061269183e+00 -1.243560826971e+01 6.466129299994e+00 2.213015317296e+00
3.790000000000e+01  8.225085884666e+00 -1.264089528740e+01 6.572872160589e+00 2.056271471167e+00
3.795000000000e+01  7.588224978448e+00 -1.283098953425e+01 6.671715253154e+00 1.897056244612e+00
3.800000000000e+01  6.942243977467e+00 -1.300566254082e+01 6.762539780689e+00 1.735560994367e+00
3.805000000000e+01  6.287919269875e+00 -1.316470437206e+01 6.845236583502e+00 1.571979817469e+00
3.810000000000e+01  5.626037271910e+00 -1.330792387965e+01 6.919706270408e+00 1.406509317978e+00
3.815000000000e+01  4.957393482727e+00 -1.343514893169e+01 6.985859338182e+00 1.239348370682e+00
3.820000000000e+01  4.282791528306e+00 -1.354622661962e+01 7.043616279133e+00 1.070697882077e+00
3.825000000000e+01  3.603042195593e+00 -1.364102344200e+01 7.092907676663e+00 9.007605488983e-01
3.830000000000e+01  2.918962458038e+00 -1.371942546494e+01 7.133674288692e+00 7.297406145096e-01
3.835000000000e+01  2.231374493696e+00 -1.378133845903e+01 7.165867118866e+00 5.578436234239e-01
3.840000000000e+01  1.541104697067e+00 -1.382668801262e+01 7.189447475441e+00 3.852761742667e-01
3.845000000000e+01  8.489826858805e-01 -1.385541962124e+01 7.204387017786e+00 2.122456714701e-01
3.850000000000e+01  1.558403039940e-01 -1.386749875309e+01 7.210667790444e+00 3.896007599849e-02
3.855000000000e+01  -5.374893783771e-01 -1.386291089058e+01 7.208282244715e+00 -1.343723445943e-01
3.860000000000e+01  -1.230173065906e+00 -1.384166154775e+01 7.197233247726e+00 -3.075432664764e-01
3.865000000000e+01  -1.921378239670e+00 -1.380377626362e+01 7.177534078985e+00 -4.803445599174e-01
3.870000000000e+01  -2.610274157735e+00 -1.374930057158e+01 7.149208414423e+00 -6.525685394337e-01
3.875000000000e+01  -3.296032853603e+00 -1.367829994456e+01 7.112290297937e+00 -8.240082134007e-01
3.880000000000e+01  -3.977830131323e+00 -1.359085971642e+01 7.066824100473e+00 -9.944575328307e-01
3.885000000000e+01  -4.654846556072e+00 -1.348708497935e+01 7.012864466699e+00 -1.163711639018e+00
3.890000000000e+01  -5.326268439014e+00 -1.336710045756e+01 6.950476249328e+00 -1.331567109753e+00
3.895000000000e+01  -5.991288815248e+00 -1.323105035741e+01 6.879734431172e+00 -1.497822203812e+00
3.900000000000e+01  -6.649108413683e+00 -1.307909819404e+01 6.800724035026e+00 -1.662277103421e+00
3.905000000000e+01  -7.298936617661e+00 -1.291142659492e+01 6.713540021477e+00 -1.824734154415e+00
3.910000000000e+01  -7.939992415176e+00 -1.272823708027e+01 6.618287174776e+00 -1.984998103794e+00
3.915000000000e+01  -8.571505337554e+00 -1.252974982091e+01 6.515079976899e+00 -2.142876334388e+00
3.920000000000e+01  -9.192716385462e+00 -1.231620337364e+01 6.404042469955e+00 -2.298179096365e+00
3.925000000000e+01  -9.802878941127e+00 -1.208785439451e+01 6.285308107103e+00 -2.450719735282e+00
3.930000000000e+01  -1.040125966568e+01 -1.184497733035e+01 6.159019592154e+00 -2.600314916420e+00
3.935000000000e+01  -1.098713938053e+01 -1.158786408893e+01 6.025328708068e+00 -2.746784845133e+00
3.940000000000e+01  -1.155981393174e+01 -1.131682368814e+01 5.884396134521e+00 -2.889953482935e+00
3.945000000000e+01  -1.211859503632e+01 -1.103218188453e+01 5.736391254791e+00 -3.029648759080e+00
3.950000000000e+01  -1.266281110945e+01 -1.073428078185e+01 5.581491952182e+00 -3.165702777364e+00
3.955000000000e+01  -1.319180807168e+01 -1.042347841989e+01 5.419884396232e+00 -3.297952017920e+00
3.960000000000e+01  -1.370495013499e+01 -1.010014834408e+01 5.251762818954e+00 -3.426237533747e+00
3.965000000000e+01  -1.420162056697e+01 -9.764679156648e+00 5.077329281400e+00 -3.550405141743e+00
3.970000000000e+01  -1.468122243206e+01 -9.417474049473e+00 4.896793430807e+00 -3.670305608015e+00
3.975000000000e+01  -1.514317930896e+01 -9.058950319554e+00 4.710372248627e+00 -3.785794827240e+00
3.980000000000e+01  -1.558693598344e+01 -8.689538867451e+00 4.518289789740e+00 -3.896733995861e+00
3.985000000000e+01  -1.601195911564e+01 -8.309683679402e+00 4.320776913174e+00 -4.002989778909e+00
3.990000000000e+01  -1.641773788104e+01 -7.919841293705e+00 4.118071004636e+00 -4.104434470259e+00
3.995000000000e+01  -1.680378458446e+01 -7.520480252017e+00 3.910415691207e+00 -4.200946146114e+00
4.000000000000e+01  -1.716963524618e+01 -7.112080536227e+00 3.698060548531e+00 -4.292408811545e+00
4.005000000000e+01  -1.751485015959e+01 -6.695132991575e+00 3.481260800858e+00 -4.378712539896e+00
4.010000000000e+01  -1.783901441965e+01 -6.270138736721e+00 3.260277014296e+00 -4.459753604912e+00
4.015000000000e+01  -1.814173842158e+01 -5.837608561459e+00 3.035374783643e+00 -4.535434605394e+00
4.020000000000e+01  -1.842265832909e+01 -5.398062312818e+00 2.806824413174e+00 -4.605664582273e+00
4.025000000000e+01  -1.868143651169e+01 -4.952028270263e+00 2.574900591773e+00 -4.670359127922e+00
4.030000000000e+01  -1.891776195045e+01 -4.500042510777e+00 2.339882062787e+00 -4.729440487613e+00
4.035000000000e+01  -1.913135061184e+01 -4.042648264558e+00 2.102051289014e+00 -4.782837652960e+00
4.040000000000e+01  -1.932194578907e+01 -3.580395262129e+00 1.861694113218e+00 -4.830486447267e+00
4.045000000000e+01  -1.948931841064e+01 -3.113839073627e+00 1.619099414581e+00 -4.872329602659e+00
4.050000000000e+01  -1.963326731565e+01 -2.643540441080e+00 1.374558761505e+00 -4.908316828911e+00
4.055000000000e+01  -1.975361949557e+01 -2.170064604462e+00 1.128366061190e+00 -4.938404873892e+00
4.060000000000e+01  -1.985023030217e+01 -1.693980622352e+00 8.808172063835e-01 -4.962557575543e+00
4.065000000000e+01  -1.992298362139e+01 -1.215860687988e+00 6.322097197656e-01 -4.980745905347e+00
4.070000000000e+01  -1.997179201285e+01 -7.362794415715e-01 3.828423963565e-01 -4.992948003213e+00
4.075000000000e+01  -1.999659681499e+01 -2.558132796152e-01 1.330149444057e-01 -4.999149203749e+00
4.080000000000e+01  -1.999736821556e+01 2.249603378098e-01 -1.169723748207e-01 -4.999342053890e+00
4.085000000000e+01  -1.997410528742e+01 7.054635811097e-01 -3.668191079162e-01 -4.993526321854e+00
4.090000000000e+01  -1.992683598969e+01 1.185118945646e+00 -6.162249704411e-01 -4.981708997423e+00
4.095000000000e+01  -1.985561713416e+01 1.663349945826e+00 -8.648902078269e-01 -4.963904283539e+00
4.100000000000e+01  -1.976053431694e+01 2.139581807961e+00 -1.112515955644e+00 -4.940133579234e+00
4.105000000000e+01  -1.964170181566e+01 2.613242161079e+00 -1.358804598797e+00 -4.910425453915e+00
4.110000000000e+01  -1.949926245209e+01 3.083761724837e+00 -1.603460129226e+00 -4.874815613021e+00
4.115000000000e+01  -1.933338742047e+01 3.550574993727e+00 -1.846188501666e+00 -4.833346855118e+00
4.120000000000e+01  -1.914427608180e+01 4.013120916746e+00 -2.086697987053e+00 -4.786069020450e+00
4.125000000000e+01  -1.893215572419e+01 4.470843571700e+00 -2.324699523148e+00 -4.733038931046e+00
4.130000000000e+01  -1.869728128970e+01 4.923192833364e+00 -2.559907061954e+00 -4.674320322424e+00
4.135000000000e+01  -1.843993506795e+01 5.369625034653e+00 -2.792037913506e+00 -4.609983766987e+00
4.140000000000e+01  -1.816042635682e+01 5.809603620049e+00 -3.020813085633e+00 -4.540106589206e+00
4.145000000000e+01  -1.785909109074e+01 6.242599790472e+00 -3.245957619268e+00 -4.464772772685e+00
4.150000000000e+01  -1.753629143690e+01 6.668093138827e+00 -3.467200918918e+00 -4.384072859225e+00
4.155000000000e+01  -1.719241536000e+01 7.085572275471e+00 -3.684277077884e+00 -4.298103840001e+00
4.160000000000e+01  -1.682787615597e+01 7.494535442838e+00 -3.896925197845e+00 -4.206969038993e+00
4.165000000000e+01  -1.644311195521e+01 7.894491118490e+00 -4.104889702431e+00 -4.110777988803e+00
4.170000000000e+01  -1.603858519603e+01 8.284958605864e+00 -4.307920644387e+00 -4.009646299008e+00
4.175000000000e+01  -1.561478206888e+01 8.665468612009e+00 -4.505774005985e+00 -3.903695517219e+00
4.180000000000e+01  -1.517221193195e+01 9.035563811618e+00 -4.698211992296e+00 -3.793052982987e+00
4.185000000000e+01  -1.471140669905e+01 9.394799396676e+00 -4.885003316996e+00 -3.677851674762e+00
4.190000000000e+01  -1.423292020028e+01 9.742743611061e+00 -5.065923480336e+00 -3.558230050070e+00
4.195000000000e+01  -1.373732751641e+01 1.007897826946e+01 -5.240755038972e+00 -3.434331879102e+00
4.200000000000e+01  -1.322522428768e+01 1.040309925999e+01 -5.409287867295e+00 -3.306306071921e+00
4.205000000000e+01  -1.269722599797e+01 1.071471702987e+01 -5.571319409981e+00 -3.174306499492e+00
4.210000000000e+01  -1.215396723499e+01 1.101345705361e+01 -5.726654925437e+00 -3.038491808746e+00
4.215000000000e+01  -1.159610092764e+01 1.129896028317e+01 -5.875107719854e+00 -2.899025231910e+00
4.220000000000e+01  -1.102429756127e+01 1.157088357948e+01 -6.016499371592e+00 -2.756074390318e+00
4.225000000000e+01  -1.043924437182e+01 1.182890012484e+01 -6.150659945617e+00 -2.609811092955e+00
4.230000000000e+01  -9.841644519840e+00 1.207269981571e+01 -6.277428197744e+00 -2.460411129960e+00
4.235000000000e+01  -9.232216245413e+00 1.230198963545e+01 -6.396651768433e+00 -2.308054061353e+00
4.240000000000e+01  -8.611692004894e+00 1.251649400645e+01 -6.508187365903e+00 -2.152923001224e+00
4.245000000000e+01  -7.980817590602e+00 1.271595512135e+01 -6.611900938355e+00 -1.995204397650e+00
4.250000000000e+01  -7.340351234463e+00 1.290013325291e+01 -6.707667835082e+00 -1.835087808616e+00
4.255000000000e+01  -6.691062696716e+00 1.306880704211e+01 -6.795372956284e+00 -1.672765674179e+00
4.260000000000e+01  -6.033732340756e+00 1.322177376422e+01 -6.874910891405e+00 -1.508433085189e+00
4.265000000000e+01  -5.369150195234e+00 1.335884957241e+01 -6.946186045822e+00 -1.342287548809e+00
4.270000000000e+01  -4.698115004545e+00 1.347986971877e+01 -7.009112755738e+00 -1.174528751136e+00
4.275000000000e+01  -4.021433268831e+00 1.358468875224e+01 -7.063615391140e+00 -1.005358317208e+00
4.280000000000e+01  -3.339918274677e+00 1.367318069349e+01 -7.109628446695e+00 -8.349795686692e-01
4.285000000000e+01  -2.654389117635e+00 1.374523918632e+01 -7.147096620482e+00 -6.635972794087e-01
4.290000000000e+01  -1.965669717780e+00 1.380077762545e+01 -7.175974880454e+00 -4.914174294449e-01
4.295000000000e+01  -1.274587829457e+00 1.383972926064e+01 -7.196228518566e+00 -3.186469573642e-01
4.300000000000e+01  -5.819740464271e-01 1.386204727692e+01 -7.207833192483e+00 -1.454935116068e-01
4.305000000000e+01  1.113391964039e-01 1.386770485081e+01 -7.210774954845e+00 2.783479910098e-02
4.310000000000e+01  8.045186234672e-01 1.385669518264e+01 -7.205050270021e+00 2.011296558668e-01
4.315000000000e+01  1.496731120024e+00 1.382903150465e+01 -7.190666018365e+00 3.741827800060e-01
4.320000000000e+01  2.187144733464e+00 1.378474706509e+01 -7.167639487944e+00 5.467861833660e-01
4.325000000000e+01  2.874929673210e+00 1.372389508833e+01 -7.135998353759e+00 7.187324183025e-01
4.330000000000e+01  3.559259308020e+00 1.364654871079e+01 -7.095780644487e+00 8.898148270050e-01
4.335000000000e+01  4.239311159495e+00 1.355280089314e+01 -7.047034696770e+00 1.059827789874e+00
4.340000000000e+01  4.914267890597e+00 1.344276430848e+01 -6.989819097124e+00 1.228566972649e+00
4.345000000000e+01  5.583318287981e+00 1.331657120700e+01 -6.924202611524e+00 1.395829571995e+00
4.350000000000e+01  6.245658236975e+00 1.317437325698e+01 -6.850264102759e+00 1.561414559244e+00
4.355000000000e+01  6.900491688028e+00 1.301634136251e+01 -6.768092435642e+00 1.725122922007e+00
4.360000000000e+01  7.547031613453e+00 1.284266545812e+01 -6.677786370212e+00 1.886757903363e+00
4.365000000000e+01  8.184500953343e+00 1.265355428047e+01 -6.579454443035e+00 2.046125238336e+00
4.370000000000e+01  8.812133549499e+00 1.244923511747e+01 -6.473214836756e+00 2.203033387375e+00
4.375000000000e+01  9.429175066251e+00 1.222995353514e+01 -6.359195238058e+00 2.357293766563e+00
4.380000000000e+01  1.003488389708e+01 1.199597308243e+01 -6.237532684200e+00 2.508720974270e+00
4.385000000000e+01  1.062853205594e+01 1.174757497451e+01 -6.108373398313e+00 2.657133013984e+00
4.390000000000e+01  1.120940605218e+01 1.148505775475e+01 -5.971872613661e+00 2.802351513045e+00
4.395000000000e+01  1.177680774812e+01 1.120873693593e+01 -5.828194387070e+00 2.944201937030e+00
4.400000000000e+01  1.233005519807e+01 1.091894462102e+01 -5.677511401748e+00 3.082513799518e+00
4.405000000000e+01  1.286848346799e+01 1.061602910403e+01 -5.520004759748e+00 3.217120866997e+00
4.410000000000e+01  1.339144543461e+01 1.030035445144e+01 -5.355863764299e+00 3.347861358653e+00
4.415000000000e+01  1.389831256324e+01 9.972300064581e+00 -5.185285692294e+00 3.474578140811e+00
4.420000000000e+01  1.438847566316e+01 9.632260223688e+00 -5.008475557182e+00 3.597118915791e+00
4.425000000000e+01  1.486134561980e+01 9.280643614005e+00 -4.825645862573e+00 3.715336404950e+00
4.430000000000e+01  1.531635410276e+01 8.917872834602e+00 -4.637016346830e+00 3.829088525690e+00
4.435000000000e+01  1.575295424892e+01 8.544383890459e+00 -4.442813718976e+00 3.938238562231e+00
4.440000000000e+01  1.617062131966e+01 8.160625668449e+00 -4.243271386214e+00 4.042655329915e+00
4.445000000000e+01  1.656885333153e+01 7.767059397826e+00 -4.038629173403e+00 4.142213332883e+00
4.450000000000e+01  1.694717165961e+01 7.364158095892e+00 -3.829133034819e+00 4.236792914902e+00
4.455000000000e+01  1.730512161270e+01 6.952405999482e+00 -3.615034758548e+00 4.326280403175e+00
4.460000000000e+01  1.764227297986e+01 6.532297982978e+00 -3.396591663867e+00 4.410568244964e+00
4.465000000000e+01  1.795822054742e+01 6.104338963532e+00 -3.174066291982e+00 4.489555136855e+00
4.470000000000e+01  1.825258458603e+01 5.669043294212e+00 -2.947726090481e+00 4.563146146509e+00
4.475000000000e+01  1.852501130705e+01 5.226934145824e+00 -2.717843091903e+00 4.631252826761e+00
4.480000000000e+01  1.877517328770e+01 4.778542878118e+00 -2.484693586781e+00 4.693793321924e+00
4.485000000000e+01  1.900276986466e+01 4.324408401165e+00 -2.248557791581e+00 4.750692466166e+00
4.490000000000e+01  1.920752749541e+01 3.865076527653e+00 -2.009719511915e+00 4.801881873851e+00
4.495000000000e+01  1.938920008693e+01 3.401099316889e+00 -1.768465801442e+00 4.847300021732e+00
4.500000000000e+01  1.954756929156e+01 2.933034411292e+00 -1.525086616867e+00 4.886892322889e+00
4.505000000000e+01  1.968244476938e+01 2.461444366179e+00 -1.279874469447e+00 4.920611192344e+00
4.510000000000e+01  1.979366441697e+01 1.986895973642e+00 -1.033124073431e+00 4.948416104243e+00
4.515000000000e+01  1.988109456228e+01 1.509959581334e+00 -7.851319918502e-01 4.970273640570e+00
4.520000000000e+01  1.994463012523e+01 1.031208406986e+00 -5.361962800849e-01 4.986157531308e+00
4.525000000000e+01  1.998419474404e+01 5.512178494698e-01 -2.866161276418e-01 4.996048686011e+00
4.530000000000e+01  1.999974086701e+01 7.056479723872e-02 -3.669149856421e-02 4.999935216753e+00
4.535000000000e+01  1.999124980964e+01 -4.101730650175e-01 2.132772290872e-01 4.997812452411e+00
4.540000000000e+01  1.995873177713e+01 -8.904179506781e-01 4.629896242504e-01 4.989682944282e+00
4.545000000000e+01  1.990222585206e+01 -1.369592665619e+00 7.121455639433e-01 4.975556463015e+00
4.550000000000e+01  1.982179994748e+01 -1.847121301926e+00 9.604455939732e-01 4.955449986869e+00
4.555000000000e+01  1.971755072523e+01 -2.322429930065e+00 1.207591288844e+00 4.929387681308e+00
4.560000000000e+01  1.958960347981e+01 -2.794947288676e+00 1.453285610424e+00 4.897400869953e+00
4.565000000000e+01  1.943811198777e+01 -3.264105471151e+00 1.697233264953e+00 4.859527996941e+00
4.570000000000e+01  1.926325832287e+01 -3.729340608193e+00 1.939141057943e+00 4.815814580717e+00
4.575000000000e+01  1.906525263729e+01 -4.190093545514e+00 2.178718246565e+00 4.766313159323e+00
4.580000000000e+01  1.884433290904e+01 -4.645810515865e+00 2.415676889084e+00 4.711083227261e+00
4.585000000000e+01  1.860076465593e+01 -5.095943804601e+00 2.649732190930e+00 4.650191163982e+00
4.590000000000e+01  1.833484061645e+01 -5.539952407960e+00 2.880602846981e+00 4.583710154111e+00
4.595000000000e+01  1.804688039794e+01 -5.977302683285e+00 3.108011379664e+00 4.511720099484e+00
4.600000000000e+01  1.773723009248e+01 -6.407468990393e+00 3.331684472443e+00 4.434307523119e+00
4.605000000000e+01  1.740626186089e+01 -6.829934323332e+00 3.551353298309e+00 4.351565465223e+00
4.610000000000e+01  1.705437348550e+01 -7.244190931752e+00 3.766753842885e+00 4.263593371374e+00
4.615000000000e+01  1.668198789199e+01 -7.649740931164e+00 3.977627221728e+00 4.170496972997e+00
4.620000000000e+01  1.628955264114e+01 -8.046096901328e+00 4.183719991484e+00 4.072388160286e+00
4.625000000000e+01  1.587753939092e+01 -8.432782472076e+00 4.384784454490e+00 3.969384847731e+00
4.630000000000e+01  1.544644332958e+01 -8.809332895847e+00 4.580578956477e+00 3.861610832396e+00
4.635000000000e+01  1.499678258053e+01 -9.175295606255e+00 4.770868177008e+00 3.749195645132e+00
4.640000000000e+01  1.452909757958e+01 -9.530230762019e+00 4.955423412305e+00 3.632274394895e+00
4.645000000000e+01  1.404395042546e+01 -9.873711775593e+00 5.134022850120e+00 3.510987606365e+00
4.650000000000e+01  1.354192420421e+01 -1.020532582588e+01 5.306451836329e+00 3.385481051052e+00
4.655000000000e+01  1.302362228838e+01 -1.052467435437e+01 5.472503132913e+00 3.255905572095e+00
4.660000000000e+01  1.248966761188e+01 -1.083137354419e+01 5.631977167039e+00 3.122416902970e+00
4.665000000000e+01  1.194070192126e+01 -1.112505478138e+01 5.784682270919e+00 2.985175480316e+00
4.670000000000e+01  1.137738500445e+01 -1.140536509791e+01 5.930434912168e+00 2.844346251112e+00
4.675000000000e+01  1.080039389772e+01 -1.167196759595e+01 6.069059914390e+00 2.700098474429e+00
4.680000000000e+01  1.021042207202e+01 -1.192454185273e+01 6.200390667719e+00 2.552605518006e+00
4.685000000000e+01  9.608178599513e+00 -1.216278430566e+01 6.324269329060e+00 2.402044649878e+00
4.690000000000e+01  8.994387301312e+00 -1.238640861720e+01 6.440547011796e+00 2.248596825328e+00
4.695000000000e+01  8.369785877585e+00 -1.259514601897e+01 6.549083964737e+00 2.092446469396e+00
4.700000000000e+01  7.735125020910e+00 -1.278874563478e+01 6.649749740077e+00 1.933781255228e+00
4.705000000000e+01  7.091167514046e+00 -1.296697478219e+01 6.742423350178e+00 1.772791878511e+00
4.710000000000e+01  6.438687313155e+00 -1.312961925210e+01 6.826993412984e+00 1.609671828289e+00
4.715000000000e+01  5.778468617612e+00 -1.327648356627e+01 6.903358285886e+00 1.444617154403e+00
4.720000000000e+01  5.111304927490e+00 -1.340739121221e+01 6.971426187883e+00 1.277826231872e+00
4.725000000000e+01  4.437998089875e+00 -1.352218485534e+01 7.031115309894e+00 1.109499522469e+00
4.730000000000e+01  3.759357335146e+00 -1.362072652810e+01 7.082353913080e+00 9.398393337864e-01
4.735000000000e+01  3.076198304381e+00 -1.370289779576e+01 7.125080415067e+00 7.690495760951e-01
4.740000000000e+01  2.389342069059e+00 -1.376859989876e+01 7.159243463956e+00 5.973355172648e-01
4.745000000000e+01  1.699614144237e+00 -1.381775387142e+01 7.184802000049e+00 4.249035360593e-01
4.750000000000e+01  1.007843496380e+00 -1.385030063682e+01 7.201725305191e+00 2.519608740951e-01
4.755000000000e+01  3.148615470526e-01 -1.386620107783e+01 7.209993039690e+00 7.871538676314e-02
4.760000000000e+01  -3.784988263510e-01 -1.386543608412e+01 7.209595266768e+00 -9.462470658777e-02
4.765000000000e+01  -1.071404291617e+00 -1.384800657511e+01 7.200532464498e+00 -2.678510729042e-01
4.770000000000e+01  -1.763022063273e+00 -1.381393349890e+01 7.182815525232e+00 -4.407555158182e-01
4.775000000000e+01  -2.452520903495e+00 -1.376325780704e+01 7.156465742508e+00 -6.131302258736e-01
4.780000000000e+01  -3.139072121147e+00 -1.369604040536e+01 7.121514785462e+00 -7.847680302867e-01
4.785000000000e+01  -3.821850567767e+00 -1.361236208075e+01 7.078004660761e+00 -9.554626419417e-01
4.790000000000e+01  -4.500035629290e+00 -1.351232340405e+01 7.025987662119e+00 -1.125008907323e+00
4.795000000000e+01  -5.172812212325e+00 -1.339604460923e+01 6.965526307443e+00 -1.293203053081e+00
4.800000000000e+01  -5.839371723791e+00 -1.326366544879e+01 6.896693263701e+00 -1.459842930948e+00
4.805000000000e+01  -6.498913042751e+00 -1.311534502590e+01 6.819571259579e+00 -1.624728260688e+00
4.810000000000e+01  -7.150643483252e+00 -1.295126160310e+01 6.734252986054e+00 -1.787660870813e+00
4.815000000000e+01  -7.793779747040e+00 -1.277161238809e+01 6.640840984991e+00 -1.948444936760e+00
4.820000000000e+01  -8.427548864982e+00 -1.257661329669e+01 6.539447525900e+00 -2.106887216246e+00
4.825000000000e+01  -9.051189126081e+00 -1.236649869336e+01 6.430194471005e+00 -2.262797281520e+00
4.830000000000e+01  -9.663950992953e+00 -1.214152110950e+01 6.313213128775e+00 -2.415987748238e+00
4.835000000000e+01  -1.026509800268e+01 -1.190195093996e+01 6.188644096113e+00 -2.566274500671e+00
4.840000000000e+01  -1.085390765195e+01 -1.164807611802e+01 6.056637089375e+00 -2.713476912989e+00
4.845000000000e+01  -1.142967226541e+01 -1.138020176939e+01 5.917350764427e+00 -2.857418066353e+00
4.850000000000e+01  -1.199169984620e+01 -1.109864984545e+01 5.770952525964e+00 -2.997924961551e+00
4.855000000000e+01  -1.253931490765e+01 -1.080375873629e+01 5.617618326310e+00 -3.134828726913e+00
4.860000000000e+01  -1.307185928514e+01 -1.049588286404e+01 5.457532453942e+00 -3.267964821285e+00
4.865000000000e+01  -1.358869292711e+01 -1.017539225690e+01 5.290887312003e+00 -3.397173231777e+00
4.870000000000e+01  -1.408919466434e+01 -9.842672104380e+00 5.117883187054e+00 -3.522298666084e+00
4.875000000000e+01  -1.457276295650e+01 -9.498122294377e+00 4.938728008357e+00 -3.643190739126e+00
4.880000000000e+01  -1.503881661517e+01 -9.142156932554e+00 4.753637097970e+00 -3.759704153793e+00
4.885000000000e+01  -1.548679550229e+01 -8.775203844634e+00 4.562832911953e+00 -3.871698875573e+00
4.890000000000e+01  -1.591616120342e+01 -8.397704062208e+00 4.366544773010e+00 -3.979040300855e+00
4.895000000000e+01  -1.632639767483e+01 -8.010111292673e+00 4.165008594868e+00 -4.081599418708e+00
4.900000000000e+01  -1.671701186374e+01 -7.612891373929e+00 3.958466598736e+00 -4.179252965935e+00
4.905000000000e+01  -1.708753430087e+01 -7.206521714504e+00 3.747167022194e+00 -4.271883575218e+00
4.910000000000e+01  -1.743751966473e+01 -6.791490719764e+00 3.531363820832e+00 -4.359379916183e+00
4.915000000000e+01  -1.776654731680e+01 -6.368297204917e+00 3.311316363034e+00 -4.441636829201e+00
4.920000000000e+01  -1.807422180711e+01 -5.937449795494e+00 3.087289118248e+00 -4.518555451778e+00
4.925000000000e+01  -1.836017334951e+01 -5.499466316049e+00 2.859551339128e+00 -4.590043337377e+00
4.930000000000e+01  -1.862405826610e+01 -5.054873167796e+00 2.628376737923e+00 -4.656014566524e+00
4.935000000000e+01  -1.886555940031e+01 -4.604204695942e+00 2.394043157511e+00 -4.716389850077e+00
4.940000000000e+01  -1.908438649806e+01 -4.148002547473e+00 2.156832237470e+00 -4.771096624515e+00
4.945000000000e+01  -1.928027655663e+01 -3.686815020158e+00 1.917029075575e+00 -4.820069139156e+00
4.950000000000e+01  -1.945299414073e+01 -3.221196403566e+00 1.674921885153e+00 -4.863248535181e+00
4.955000000000e+01  -1.960233166548e+01 -2.751706312883e+00 1.430801648685e+00 -4.900582916371e+00
4.960000000000e+01  -1.972810964592e+01 -2.278909016316e+00 1.184961768079e+00 -4.932027411481e+00
4.965000000000e+01  -1.983017691269e+01 -1.803372756924e+00 9.376977120416e-01 -4.957544228172e+00
4.970000000000e+01  -1.990841079372e+01 -1.325669069652e+00 6.893066609576e-01 -4.977102698431e+00
4.975000000000e+01  -1.996271726172e+01 -8.463720944234e-01 4.400871497196e-01 -4.990679315429e+00
4.980000000000e+01  -1.999303104710e+01 -3.660578860931e-01 1.903387089255e-01 -4.998257761775e+00
4.985000000000e+01  -1.999931571651e+01 1.146962778970e-01 -5.963849512019e-02 -4.999828929128e+00
4.990000000000e+01  -1.998156371657e+01 5.953125913336e-01 -3.095440211680e-01 -4.995390929142e+00
4.995000000000e+01  -1.993979638294e+01 1.075213413683e+00 -5.590775141166e-01 -4.984949095736e+00
5.000000000000e+01  -1.987406391474e+01 1.553821964340e+00 -8.079390660016e-01 -4.968515978684e+00
