2.000000000000e-01 100 
2.200000000000e-01 100 
2.400000000000e-01 100 
2.600000000000e-01 100 
2.800000000000e-01 100 
3.000000000000e-01 100 
3.200000000000e-01 100 
3.400000000000e-01 100 
3.600000000000e-01 100 
3.800000000000e-01 100 
4.000000000000e-01 100 
4.200000000000e-01 100 
4.400000000000e-01 100 
4.600000000000e-01 100 
4.800000000000e-01 100 
5.000000000000e-01 100 
5.200000000000e-01 100 
5.400000000000e-01 100 
5.600000000000e-01 100 
5.800000000000e-01 100 
6.000000000000e-01 100 
6.200000000000e-01 100 
6.400000000000e-01 100 
6.600000000000e-01 100 
6.800000000000e-01 100 
7.000000000000e-01 100 
7.200000000000e-01 100 
7.400000000000e-01 100 
7.600000000000e-01 100 
7.800000000000e-01 100 
8.000000000000e-01 100 
8.200000000000e-01 100 
8.400000000000e-01 100 
8.600000000000e-01 100 
8.800000000000e-01 100 
9.000000000000e-01 100 
9.200000000000e-01 100 
9.400000000000e-01 100 
9.600000000000e-01 100 
9.800000000000e-01 100 
1.000000000000e+00 100 
1.020000000000e+00 100 
1.040000000000e+00 100 
1.060000000000e+00 100 
1.080000000000e+00 100 
1.100000000000e+00 100 
1.120000000000e+00 100 
1.140000000000e+00 100 
1.160000000000e+00 100 
1.180000000000e+00 100 
1.200000000000e+00 100 
1.220000000000e+00 100 
1.240000000000e+00 100 
1.260000000000e+00 100 
1.280000000000e+00 100 
1.300000000000e+00 100 
1.320000000000e+00 100 
1.340000000000e+00 100 
1.360000000000e+00 3 
1.380000000000e+00 0 
1.400000000000e+00 2 
1.420000000000e+00 16 
1.440000000000e+00 100 
1.460000000000e+00 100 
1.480000000000e+00 100 
1.500000000000e+00 100 
1.520000000000e+00 100 
1.540000000000e+00 100 
1.560000000000e+00 100 
1.580000000000e+00 100 
1.600000000000e+00 100 
1.620000000000e+00 100 
1.640000000000e+00 100 
1.660000000000e+00 100 
1.680000000000e+00 100 
1.700000000000e+00 100 
1.720000000000e+00 100 
1.740000000000e+00 100 
1.760000000000e+00 100 
1.780000000000e+00 100 
1.800000000000e+00 100 
1.820000000000e+00 100 
1.840000000000e+00 100 
1.860000000000e+00 100 
1.880000000000e+00 100 
1.900000000000e+00 100 
1.920000000000e+00 100 
1.940000000000e+00 100 
1.960000000000e+00 100 
1.980000000000e+00 100 
2.000000000000e+00 100 
2.020000000000e+00 100 
2.040000000000e+00 100 
2.060000000000e+00 100 
2.080000000000e+00 100 
2.100000000000e+00 100 
2.120000000000e+00 100 
2.140000000000e+00 100 
2.160000000000e+00 100 
2.180000000000e+00 100 
2.200000000000e+00 24 
2.220000000000e+00 100 
2.240000000000e+00 100 
2.260000000000e+00 100 
2.280000000000e+00 100 
2.300000000000e+00 100 
2.320000000000e+00 100 
2.340000000000e+00 100 
2.360000000000e+00 100 
2.380000000000e+00 100 
2.400000000000e+00 100 
2.420000000000e+00 100 
2.440000000000e+00 100 
2.460000000000e+00 100 
2.480000000000e+00 100 
