1.000000000000e+00 92 
1.010000000000e+00 97 
1.020000000000e+00 93 
1.030000000000e+00 98 
1.040000000000e+00 95 
1.050000000000e+00 93 
1.060000000000e+00 97 
1.070000000000e+00 98 
1.080000000000e+00 100 
1.090000000000e+00 95 
1.100000000000e+00 91 
1.110000000000e+00 83 
1.120000000000e+00 97 
1.130000000000e+00 98 
1.140000000000e+00 0 
1.150000000000e+00 0 
1.160000000000e+00 0 
1.170000000000e+00 0 
1.180000000000e+00 0 
1.190000000000e+00 0 
1.200000000000e+00 0 
1.210000000000e+00 0 
1.220000000000e+00 0 
1.230000000000e+00 0 
1.240000000000e+00 0 
1.250000000000e+00 0 
1.260000000000e+00 0 
1.270000000000e+00 0 
1.280000000000e+00 0 
1.290000000000e+00 0 
1.300000000000e+00 0 
1.310000000000e+00 0 
1.320000000000e+00 0 
1.330000000000e+00 0 
1.340000000000e+00 0 
1.350000000000e+00 0 
1.360000000000e+00 0 
1.370000000000e+00 0 
1.380000000000e+00 0 
1.390000000000e+00 0 
1.400000000000e+00 0 
1.410000000000e+00 0 
1.420000000000e+00 0 
1.430000000000e+00 0 
1.440000000000e+00 0 
1.450000000000e+00 0 
1.460000000000e+00 0 
1.470000000000e+00 0 
1.480000000000e+00 0 
1.490000000000e+00 0 
1.500000000000e+00 0 
1.510000000000e+00 0 
1.520000000000e+00 0 
1.530000000000e+00 0 
1.540000000000e+00 0 
1.550000000000e+00 0 
1.560000000000e+00 0 
1.570000000000e+00 0 
1.580000000000e+00 0 
1.590000000000e+00 0 
1.600000000000e+00 0 
1.610000000000e+00 0 
1.620000000000e+00 86 
1.630000000000e+00 96 
1.640000000000e+00 98 
1.650000000000e+00 94 
1.660000000000e+00 98 
1.670000000000e+00 93 
1.680000000000e+00 92 
1.690000000000e+00 100 
1.700000000000e+00 95 
1.710000000000e+00 96 
1.720000000000e+00 98 
1.730000000000e+00 100 
1.740000000000e+00 98 
