0  2.66454e-15
1  7.32747e-15
2  8.88178e-16
3  4.21885e-15
4  4.66294e-15
5  5.77316e-15
6  7.54952e-15
7  4.21885e-15
8  7.54952e-15
9  4.88498e-15
10  4.66294e-15
11  2.66454e-15
12  8.21565e-15
13  3.33067e-15
14  3.10862e-15
15  2.22045e-15
16  3.77476e-15
17  6.66134e-16
18  8.88178e-16
19  4.21885e-15
20  4.44089e-15
21  8.88178e-16
22  2.44249e-15
23  3.77476e-15
24  8.88178e-16
25  2.44249e-15
26  2.22045e-16
27  6.66134e-16
28  3.33067e-16
29  8.88178e-16
30  2.33147e-15
31  1.11022e-16
32  0
33  1.44329e-15
34  2.9976e-15
35  8.88178e-16
36  1.88738e-15
37  2.66454e-15
38  2.44249e-15
39  0
40  1.77636e-15
41  1.9984e-15
42  3.9968e-15
43  5.66214e-15
44  3.44169e-15
45  3.9968e-15
46  7.66054e-15
47  4.66294e-15
48  5.21805e-15
49  4.44089e-15
50  5.55112e-15
51  4.32987e-15
52  1.25455e-14
53  6.32827e-15
54  7.54952e-15
55  9.99201e-15
56  1.33227e-14
57  9.76996e-15
58  1.14353e-14
59  1.23235e-14
60  1.40998e-14
61  1.18794e-14
62  2.66454e-15
63  9.21485e-15
64  1.54321e-14
65  5.66214e-15
66  9.76996e-15
67  1.03251e-14
68  1.76525e-14
69  1.58762e-14
70  1.09912e-14
71  8.88178e-15
72  1.59872e-14
73  1.23235e-14
74  1.36557e-14
75  2.0095e-14
76  1.09912e-14
77  1.45439e-14
78  1.53211e-14
79  2.23155e-14
80  2.0095e-14
81  1.67644e-14
82  2.12053e-14
83  2.09832e-14
84  1.52101e-14
85  2.09832e-14
86  2.26485e-14
87  1.85407e-14
88  2.69784e-14
89  1.92069e-14
90  1.84297e-14
91  1.82077e-14
92  2.53131e-14
93  2.40918e-14
94  2.09832e-14
95  2.52021e-14
96  2.09832e-14
97  2.45359e-14
98  2.19824e-14
99  2.57572e-14
100  2.76446e-14
101  2.53131e-14
102  2.42029e-14
103  2.4647e-14
104  2.93099e-14
105  2.9976e-14
106  3.01981e-14
107  2.76446e-14
108  3.0087e-14
109  3.14193e-14
110  2.4869e-14
111  2.9754e-14
112  3.57492e-14
113  3.13083e-14
114  3.16414e-14
115  2.66454e-14
116  2.56462e-14
117  2.56462e-14
118  2.85327e-14
119  2.94209e-14
120  2.32037e-14
121  2.73115e-14
122  2.85327e-14
123  2.78666e-14
124  2.79776e-14
125  2.53131e-14
126  2.59792e-14
127  2.30926e-14
128  2.43139e-14
129  2.10942e-14
130  2.20934e-14
131  2.05391e-14
132  1.72085e-14
133  2.36478e-14
134  2.20934e-14
135  2.28706e-14
136  1.94289e-14
137  2.13163e-14
138  1.86517e-14
139  2.05391e-14
140  1.38778e-14
141  1.37668e-14
142  1.02141e-14
143  1.11022e-14
144  1.28786e-14
145  1.22125e-14
146  9.88098e-15
147  5.88418e-15
148  7.43849e-15
149  7.54952e-15
150  1.18794e-14
151  1.05471e-14
152  4.55191e-15
153  2.88658e-15
154  6.10623e-15
155  9.10383e-15
156  1.88738e-15
157  5.55112e-15
158  4.88498e-15
159  4.44089e-16
160  3.10862e-15
161  3.55271e-15
162  1.55431e-15
163  1.22125e-15
164  1.44329e-15
165  0
166  1.33227e-15
167  2.22045e-16
168  0
169  2.44249e-15
170  2.44249e-15
171  6.43929e-15
172  1.77636e-15
173  2.22045e-15
174  3.10862e-15
175  2.22045e-15
176  0
177  2.88658e-15
178  1.77636e-15
179  1.44329e-15
180  9.10383e-15
181  6.66134e-16
182  1.06581e-14
183  0
184  2.10942e-15
185  8.65974e-15
186  1.43219e-14
187  1.22125e-14
188  4.21885e-15
189  7.43849e-15
190  1.44329e-14
191  0
192  5.88418e-15
193  6.55032e-15
194  8.21565e-15
195  1.58762e-14
196  2.66454e-15
197  1.03251e-14
198  1.31006e-14
199  1.09912e-14
200  1.4766e-14
201  1.15463e-14
202  1.96509e-14
203  9.88098e-15
204  4.996e-15
205  1.12133e-14
206  1.06581e-14
207  7.66054e-15
208  1.08802e-14
209  4.55191e-15
210  2.9976e-15
211  1.28786e-14
212  1.55431e-14
213  1.88738e-14
214  1.64313e-14
215  1.84297e-14
216  1.70974e-14
217  2.60902e-14
218  2.05391e-14
219  1.85407e-14
220  1.70974e-14
221  1.57652e-14
222  1.69864e-14
223  3.08642e-14
224  1.9984e-14
225  2.37588e-14
226  3.10862e-14
227  2.78666e-14
228  2.65343e-14
229  1.60982e-14
230  1.83187e-14
231  3.18634e-14
232  2.73115e-14
233  2.58682e-14
234  2.28706e-14
235  2.55351e-14
236  3.36398e-14
237  4.18554e-14
238  3.75255e-14
239  2.30926e-14
240  3.19744e-14
241  3.01981e-14
242  2.75335e-14
243  2.69784e-14
244  3.94129e-14
245  3.75255e-14
246  4.89608e-14
247  4.06342e-14
248  4.45199e-14
249  3.74145e-14
250  3.43059e-14
251  2.91989e-14
252  4.76286e-14
253  5.08482e-14
254  4.05231e-14
255  5.01821e-14
256  4.74065e-14
257  4.82947e-14
258  4.75175e-14
259  4.24105e-14
260  4.36318e-14
261  5.69544e-14
262  5.31797e-14
263  5.68434e-14
264  4.01901e-14
265  4.87388e-14
266  5.32907e-14
267  5.40679e-14
268  5.72875e-14
269  5.973e-14
270  4.67404e-14
271  7.16094e-14
272  6.42819e-14
273  5.85088e-14
274  6.70575e-14
275  4.95159e-14
276  5.37348e-14
277  5.51781e-14
278  5.66214e-14
279  5.21805e-14
280  5.26246e-14
281  4.62963e-14
282  3.51941e-14
283  4.59632e-14
284  4.89608e-14
285  4.00791e-14
286  4.55191e-14
287  4.65183e-14
288  3.4972e-14
289  3.76366e-14
290  4.22995e-14
291  3.65263e-14
292  3.75255e-14
293  4.16334e-14
294  4.32987e-14
295  3.475e-14
296  3.83027e-14
297  2.94209e-14
298  2.62013e-14
299  3.71925e-14
300  3.05311e-14
301  2.66454e-14
302  3.33067e-14
303  2.05391e-14
304  2.12053e-14
305  2.09832e-14
306  2.70894e-14
307  2.95319e-14
308  1.06581e-14
309  1.76525e-14
310  1.82077e-14
311  7.88258e-15
312  8.54872e-15
313  1.69864e-14
314  1.73195e-14
315  9.54792e-15
316  1.35447e-14
317  1.31006e-14
318  1.06581e-14
319  1.05471e-14
