0  1.19904e-14
1  1.08802e-14
2  1.02141e-14
3  9.54792e-15
4  8.88178e-15
5  9.32587e-15
6  8.43769e-15
7  9.10383e-15
8  6.88338e-15
9  9.54792e-15
10  9.76996e-15
11  7.54952e-15
12  8.43769e-15
13  8.65974e-15
14  7.10543e-15
15  1.02141e-14
16  5.55112e-15
17  7.77156e-15
18  1.02141e-14
19  5.9952e-15
20  8.43769e-15
21  7.54952e-15
22  7.10543e-15
23  8.21565e-15
24  7.54952e-15
25  7.54952e-15
26  7.10543e-15
27  7.10543e-15
28  5.9952e-15
29  5.77316e-15
30  7.32747e-15
31  5.77316e-15
32  3.77476e-15
33  5.10703e-15
34  3.9968e-15
35  6.66134e-15
36  7.54952e-15
37  5.32907e-15
38  3.10862e-15
39  4.66294e-15
40  3.55271e-15
41  5.55112e-15
42  4.44089e-15
43  5.77316e-15
44  4.44089e-15
45  6.21725e-15
46  4.88498e-15
47  3.9968e-15
48  3.9968e-15
49  2.44249e-15
50  3.10862e-15
51  1.77636e-15
52  2.88658e-15
53  1.33227e-15
54  1.33227e-15
55  1.33227e-15
56  2.22045e-16
57  8.88178e-16
58  1.11022e-16
59  4.44089e-16
60  2.66454e-15
61  2.44249e-15
62  4.44089e-16
63  2.22045e-15
64  0
65  4.44089e-16
66  5.55112e-16
67  0
68  1.9984e-15
69  2.22045e-16
70  0
71  8.88178e-16
72  7.77156e-16
73  1.55431e-15
74  4.44089e-16
75  2.22045e-16
76  4.44089e-16
77  7.77156e-16
78  4.44089e-16
79  0
80  2.22045e-15
81  6.66134e-16
82  2.10942e-15
83  3.66374e-15
84  2.44249e-15
85  3.55271e-15
86  6.66134e-16
87  3.10862e-15
88  2.10942e-15
89  1.44329e-15
90  1.55431e-15
91  1.77636e-15
92  5.10703e-15
93  4.66294e-15
94  3.33067e-15
95  2.88658e-15
96  4.88498e-15
97  2.88658e-15
98  5.32907e-15
99  1.77636e-15
100  4.88498e-15
101  5.55112e-15
102  2.88658e-15
103  5.10703e-15
104  2.88658e-15
105  4.66294e-15
106  5.88418e-15
107  6.21725e-15
108  5.77316e-15
109  6.88338e-15
110  7.99361e-15
111  4.10783e-15
112  4.77396e-15
113  7.32747e-15
114  3.55271e-15
115  4.66294e-15
116  6.66134e-15
117  7.10543e-15
118  5.88418e-15
119  5.77316e-15
120  5.44009e-15
121  2.22045e-15
122  5.9952e-15
123  7.10543e-15
124  4.77396e-15
125  2.22045e-15
126  5.10703e-15
127  1.88738e-15
128  4.44089e-15
129  5.77316e-15
130  4.66294e-15
131  2.22045e-15
132  5.55112e-15
133  5.32907e-15
134  2.88658e-15
135  3.9968e-15
136  5.55112e-15
137  4.66294e-15
138  1.33227e-15
139  2.22045e-16
140  2.66454e-15
141  3.55271e-15
142  2.22045e-15
143  2.66454e-15
144  4.77396e-15
145  6.66134e-16
146  3.55271e-15
147  5.55112e-15
148  1.33227e-15
149  6.66134e-16
150  2.22045e-15
151  8.88178e-16
152  1.33227e-15
153  8.88178e-16
154  8.88178e-16
155  3.55271e-15
156  1.77636e-15
157  6.66134e-16
158  1.9984e-15
159  1.33227e-15
160  2.66454e-15
161  7.77156e-15
162  4.88498e-15
163  4.88498e-15
164  3.55271e-15
165  4.88498e-15
166  4.66294e-15
167  4.21885e-15
168  3.55271e-15
169  5.32907e-15
170  3.9968e-15
171  3.77476e-15
172  3.55271e-15
173  8.88178e-15
174  2.88658e-15
175  3.55271e-15
176  5.32907e-15
177  3.55271e-15
178  9.10383e-15
179  7.54952e-15
180  4.88498e-15
181  4.21885e-15
182  5.32907e-15
183  3.33067e-15
184  6.88338e-15
185  6.21725e-15
186  2.66454e-15
187  4.44089e-15
188  2.22045e-15
189  6.66134e-16
190  7.54952e-15
191  1.77636e-15
192  2.44249e-15
193  1.11022e-15
194  1.55431e-15
195  3.55271e-15
196  3.10862e-15
197  1.33227e-15
198  1.33227e-15
199  2.88658e-15
200  2.22045e-16
201  2.22045e-15
202  2.88658e-15
203  4.44089e-16
204  2.22045e-15
205  8.88178e-16
206  2.22045e-15
207  2.22045e-16
208  1.9984e-15
209  2.55351e-15
210  4.44089e-16
211  1.77636e-15
212  2.66454e-15
213  4.44089e-16
214  2.22045e-15
215  3.66374e-15
216  3.33067e-16
217  0
218  1.11022e-15
219  4.44089e-16
220  8.88178e-16
221  3.66374e-15
222  6.43929e-15
223  1.33227e-15
224  3.77476e-15
225  4.66294e-15
226  1.44329e-15
227  6.66134e-16
228  5.77316e-15
229  6.88338e-15
230  5.32907e-15
231  7.54952e-15
232  4.996e-15
233  7.21645e-15
234  4.21885e-15
235  5.55112e-15
236  7.88258e-15
237  5.32907e-15
238  6.66134e-15
239  9.21485e-15
240  7.43849e-15
241  8.43769e-15
242  8.32667e-15
243  1.12133e-14
244  9.54792e-15
245  7.54952e-15
246  9.32587e-15
247  1.28786e-14
248  8.43769e-15
249  7.54952e-15
250  9.32587e-15
251  1.37668e-14
252  9.4369e-15
253  7.32747e-15
254  1.35447e-14
255  1.13243e-14
256  8.65974e-15
257  1.55431e-14
258  1.14353e-14
259  1.19904e-14
260  1.55431e-14
261  1.28786e-14
262  1.56541e-14
263  1.64313e-14
264  1.29896e-14
265  1.46549e-14
266  1.55431e-14
267  1.72085e-14
268  1.63203e-14
269  1.82077e-14
270  2.22045e-14
271  1.70974e-14
272  1.84297e-14
273  1.28786e-14
274  2.08722e-14
275  2.19824e-14
276  1.37668e-14
277  1.68754e-14
278  1.39888e-14
279  9.65894e-15
280  1.77636e-14
281  1.57652e-14
282  1.33227e-14
283  1.24345e-14
284  1.23235e-14
285  9.54792e-15
286  1.02141e-14
287  1.11022e-14
288  1.45439e-14
289  8.21565e-15
290  1.17684e-14
291  1.03251e-14
292  9.76996e-15
293  3.9968e-15
294  7.10543e-15
295  6.10623e-15
296  1.19904e-14
297  1.07692e-14
298  3.9968e-15
299  2.44249e-15
300  8.88178e-15
301  2.66454e-15
302  1.55431e-15
303  4.21885e-15
304  4.88498e-15
305  2.88658e-15
306  5.32907e-15
307  6.21725e-15
308  1.33227e-15
309  5.44009e-15
310  4.21885e-15
311  1.9984e-15
312  6.66134e-16
313  1.55431e-15
314  3.55271e-15
315  1.11022e-15
316  1.77636e-15
317  2.9976e-15
318  5.32907e-15
319  3.10862e-15
