0  1.33227e-14
1  1.15463e-14
2  1.19904e-14
3  1.22125e-14
4  1.13243e-14
5  1.22125e-14
6  1.15463e-14
7  1.24345e-14
8  9.99201e-15
9  1.11022e-14
10  1.19904e-14
11  1.04361e-14
12  1.06581e-14
13  1.08802e-14
14  1.02141e-14
15  1.24345e-14
16  1.06581e-14
17  1.13243e-14
18  1.24345e-14
19  1.06581e-14
20  1.02141e-14
21  9.76996e-15
22  1.06581e-14
23  1.08802e-14
24  1.15463e-14
25  9.10383e-15
26  1.04361e-14
27  1.02141e-14
28  1.02141e-14
29  1.08802e-14
30  1.08802e-14
31  8.65974e-15
32  9.10383e-15
33  1.08802e-14
34  8.43769e-15
35  9.54792e-15
36  1.13243e-14
37  1.11022e-14
38  7.99361e-15
39  7.32747e-15
40  7.54952e-15
41  7.99361e-15
42  7.54952e-15
43  7.99361e-15
44  6.43929e-15
45  7.77156e-15
46  7.77156e-15
47  5.77316e-15
48  6.66134e-15
49  5.55112e-15
50  7.54952e-15
51  6.21725e-15
52  3.55271e-15
53  6.88338e-15
54  5.77316e-15
55  5.55112e-15
56  5.77316e-15
57  4.66294e-15
58  6.43929e-15
59  6.66134e-15
60  7.54952e-15
61  8.21565e-15
62  7.32747e-15
63  8.43769e-15
64  6.43929e-15
65  8.43769e-15
66  7.10543e-15
67  6.21725e-15
68  6.88338e-15
69  4.44089e-15
70  3.77476e-15
71  6.21725e-15
72  3.9968e-15
73  3.77476e-15
74  5.9952e-15
75  5.55112e-15
76  5.32907e-15
77  5.55112e-15
78  6.21725e-15
79  5.77316e-15
80  3.77476e-15
81  5.55112e-15
82  4.88498e-15
83  3.10862e-15
84  2.44249e-15
85  3.33067e-15
86  3.55271e-15
87  3.33067e-15
88  3.55271e-15
89  3.10862e-15
90  3.33067e-15
91  2.22045e-15
92  1.9984e-15
93  6.66134e-16
94  8.88178e-16
95  2.66454e-15
96  6.66134e-16
97  1.9984e-15
98  4.44089e-16
99  3.10862e-15
100  8.88178e-16
101  1.33227e-15
102  4.44089e-16
103  0
104  0
105  1.11022e-16
106  1.11022e-16
107  6.66134e-16
108  1.55431e-15
109  3.21965e-15
110  2.66454e-15
111  9.99201e-16
112  2.66454e-15
113  2.44249e-15
114  2.33147e-15
115  2.88658e-15
116  3.55271e-15
117  2.9976e-15
118  1.88738e-15
119  3.33067e-15
120  2.10942e-15
121  1.88738e-15
122  3.10862e-15
123  3.55271e-15
124  2.9976e-15
125  1.22125e-15
126  3.55271e-15
127  1.11022e-15
128  2.22045e-15
129  1.9984e-15
130  2.66454e-15
131  1.11022e-16
132  0
133  1.88738e-15
134  5.55112e-16
135  0
136  6.66134e-16
137  0
138  0
139  2.22045e-15
140  1.9984e-15
141  8.88178e-16
142  2.22045e-16
143  6.66134e-16
144  1.33227e-15
145  2.22045e-16
146  6.66134e-16
147  6.66134e-16
148  2.22045e-15
149  1.33227e-15
150  3.9968e-15
151  2.88658e-15
152  3.77476e-15
153  3.9968e-15
154  2.66454e-15
155  4.66294e-15
156  4.88498e-15
157  5.32907e-15
158  5.77316e-15
159  5.32907e-15
160  6.66134e-15
161  8.88178e-15
162  7.10543e-15
163  7.32747e-15
164  9.10383e-15
165  7.32747e-15
166  9.99201e-15
167  7.99361e-15
168  9.54792e-15
169  8.65974e-15
170  7.54952e-15
171  1.04361e-14
172  7.54952e-15
173  9.54792e-15
174  1.04361e-14
175  1.06581e-14
176  1.02141e-14
177  1.04361e-14
178  1.04361e-14
179  1.11022e-14
180  9.54792e-15
181  9.54792e-15
182  9.99201e-15
183  1.06581e-14
184  9.54792e-15
185  9.99201e-15
186  9.99201e-15
187  1.04361e-14
188  9.76996e-15
189  8.43769e-15
190  1.17684e-14
191  1.02141e-14
192  9.76996e-15
193  8.88178e-15
194  9.99201e-15
195  1.17684e-14
196  1.04361e-14
197  1.22125e-14
198  9.99201e-15
199  9.54792e-15
200  8.88178e-15
201  8.21565e-15
202  9.54792e-15
203  8.65974e-15
204  1.17684e-14
205  7.99361e-15
206  8.21565e-15
207  7.54952e-15
208  7.54952e-15
209  7.32747e-15
210  8.43769e-15
211  1.02141e-14
212  9.10383e-15
213  1.02141e-14
214  9.32587e-15
215  7.54952e-15
216  9.32587e-15
217  9.32587e-15
218  8.88178e-15
219  7.77156e-15
220  8.88178e-15
221  6.88338e-15
222  6.66134e-15
223  7.54952e-15
224  5.55112e-15
225  6.88338e-15
226  9.32587e-15
227  7.32747e-15
228  7.77156e-15
229  9.99201e-15
230  7.10543e-15
231  7.77156e-15
232  7.54952e-15
233  7.99361e-15
234  5.9952e-15
235  9.32587e-15
236  6.66134e-15
237  7.99361e-15
238  5.9952e-15
239  6.66134e-15
240  8.88178e-15
241  5.55112e-15
242  6.21725e-15
243  2.88658e-15
244  5.77316e-15
245  4.66294e-15
246  5.77316e-15
247  5.32907e-15
248  4.88498e-15
249  5.9952e-15
250  5.10703e-15
251  4.21885e-15
252  4.44089e-15
253  5.77316e-15
254  3.33067e-15
255  4.44089e-15
256  3.55271e-15
257  2.66454e-15
258  4.44089e-15
259  3.10862e-15
260  3.77476e-15
261  1.77636e-15
262  3.77476e-15
263  1.11022e-15
264  3.33067e-15
265  2.88658e-15
266  1.55431e-15
267  6.66134e-16
268  1.11022e-15
269  0
270  1.33227e-15
271  8.88178e-16
272  4.44089e-16
273  1.33227e-15
274  2.44249e-15
275  1.77636e-15
276  4.44089e-16
277  2.22045e-15
278  1.77636e-15
279  1.9984e-15
280  2.22045e-16
281  8.88178e-16
282  6.66134e-16
283  2.44249e-15
284  5.10703e-15
285  3.33067e-15
286  1.55431e-15
287  3.9968e-15
288  2.22045e-15
289  2.22045e-15
290  3.10862e-15
291  3.77476e-15
292  3.77476e-15
293  3.9968e-15
294  3.9968e-15
295  2.88658e-15
296  4.88498e-15
297  5.77316e-15
298  2.22045e-15
299  5.55112e-15
300  5.9952e-15
301  4.66294e-15
302  6.43929e-15
303  7.99361e-15
304  5.9952e-15
305  5.77316e-15
306  1.02141e-14
307  7.10543e-15
308  7.54952e-15
309  7.32747e-15
310  8.43769e-15
311  6.43929e-15
312  8.65974e-15
313  7.77156e-15
314  6.66134e-15
315  9.32587e-15
316  8.88178e-15
317  7.77156e-15
318  9.32587e-15
319  9.32587e-15
