0  1.35447e-14
1  1.26565e-14
2  1.4877e-14
3  1.26565e-14
4  1.46549e-14
5  1.42109e-14
6  1.37668e-14
7  1.02141e-14
8  1.19904e-14
9  1.28786e-14
10  1.33227e-14
11  1.28786e-14
12  1.33227e-14
13  1.17684e-14
14  1.02141e-14
15  1.37668e-14
16  8.88178e-15
17  1.06581e-14
18  8.21565e-15
19  1.22125e-14
20  9.32587e-15
21  1.19904e-14
22  8.88178e-15
23  1.02141e-14
24  9.76996e-15
25  8.88178e-15
26  1.02141e-14
27  7.99361e-15
28  9.99201e-15
29  7.10543e-15
30  7.54952e-15
31  5.77316e-15
32  7.99361e-15
33  7.54952e-15
34  4.44089e-15
35  5.9952e-15
36  4.44089e-15
37  4.88498e-15
38  1.33227e-15
39  3.55271e-15
40  0
41  2.22045e-15
42  4.21885e-15
43  1.11022e-15
44  0
45  2.22045e-16
46  1.11022e-15
47  1.11022e-16
48  1.77636e-15
49  2.66454e-15
50  4.44089e-15
51  1.55431e-15
52  2.22045e-15
53  9.99201e-16
54  1.11022e-15
55  2.44249e-15
56  3.21965e-15
57  3.10862e-15
58  3.10862e-15
59  6.21725e-15
60  4.66294e-15
61  3.88578e-15
62  4.996e-15
63  2.9976e-15
64  4.32987e-15
65  2.66454e-15
66  8.21565e-15
67  8.88178e-15
68  7.77156e-15
69  5.9952e-15
70  7.10543e-15
71  1.88738e-15
72  8.77076e-15
73  4.88498e-15
74  7.99361e-15
75  5.77316e-15
76  6.43929e-15
77  9.21485e-15
78  8.88178e-15
79  9.99201e-15
80  7.99361e-15
81  8.54872e-15
82  6.43929e-15
83  1.15463e-14
84  1.08802e-14
85  1.31006e-14
86  9.99201e-15
87  1.22125e-14
88  1.43219e-14
89  1.25455e-14
90  9.99201e-15
91  1.26565e-14
92  1.16573e-14
93  9.21485e-15
94  1.55431e-14
95  1.36557e-14
96  1.5099e-14
97  1.26565e-14
98  1.62093e-14
99  1.53211e-14
100  1.70974e-14
101  1.43219e-14
102  1.4877e-14
103  1.86517e-14
104  1.93179e-14
105  2.16493e-14
106  1.45439e-14
107  1.90958e-14
108  1.82077e-14
109  1.4988e-14
110  1.95399e-14
111  1.70974e-14
112  1.79856e-14
113  1.68754e-14
114  1.9762e-14
115  1.56541e-14
116  1.80966e-14
117  2.06501e-14
118  1.60982e-14
119  1.96509e-14
120  1.96509e-14
121  1.80966e-14
122  1.4988e-14
123  1.37668e-14
124  1.57652e-14
125  1.68754e-14
126  1.28786e-14
127  1.57652e-14
128  1.27676e-14
129  1.17684e-14
130  1.08802e-14
131  9.76996e-15
132  9.99201e-15
133  8.65974e-15
134  8.88178e-15
135  1.04361e-14
136  5.77316e-15
137  6.10623e-15
138  3.9968e-15
139  1.22125e-15
140  4.21885e-15
141  2.33147e-15
142  3.10862e-15
143  1.55431e-15
144  2.22045e-16
145  1.55431e-15
146  1.77636e-15
147  4.44089e-16
148  8.88178e-16
149  2.66454e-15
150  3.10862e-15
151  3.55271e-15
152  7.54952e-15
153  6.43929e-15
154  5.77316e-15
155  1.02141e-14
156  7.32747e-15
157  5.55112e-15
158  7.32747e-15
159  6.21725e-15
160  7.77156e-15
161  8.43769e-15
162  1.11022e-14
163  9.76996e-15
164  7.32747e-15
165  7.99361e-15
166  1.02141e-14
167  6.66134e-15
168  6.43929e-15
169  7.10543e-15
170  1.22125e-14
171  9.10383e-15
172  7.10543e-15
173  9.76996e-15
174  7.99361e-15
175  1.33227e-14
176  7.10543e-15
177  1.02141e-14
178  9.32587e-15
179  1.06581e-14
180  8.43769e-15
181  1.06581e-14
182  1.02141e-14
183  2.66454e-15
184  5.32907e-15
185  7.10543e-15
186  6.21725e-15
187  4.88498e-15
188  3.10862e-15
189  3.9968e-15
190  5.10703e-15
191  4.88498e-15
192  3.77476e-15
193  4.21885e-15
194  7.10543e-15
195  2.66454e-15
196  6.21725e-15
197  7.10543e-15
198  6.66134e-15
199  6.21725e-15
200  6.66134e-15
201  4.88498e-15
202  8.21565e-15
203  6.21725e-15
204  8.88178e-15
205  6.66134e-15
206  2.66454e-15
207  6.21725e-15
208  7.10543e-15
209  1.33227e-15
210  3.9968e-15
211  2.9976e-15
212  1.11022e-15
213  2.22045e-15
214  8.88178e-16
215  3.77476e-15
216  2.66454e-15
217  4.21885e-15
218  3.10862e-15
219  6.32827e-15
220  2.55351e-15
221  5.55112e-15
222  5.9952e-15
223  7.54952e-15
224  6.99441e-15
225  7.88258e-15
226  8.43769e-15
227  5.9952e-15
228  1.42109e-14
229  1.05471e-14
230  9.99201e-15
231  1.17684e-14
232  1.37668e-14
233  1.33227e-14
234  1.69864e-14
235  1.25455e-14
236  1.39888e-14
237  1.57652e-14
238  1.33227e-14
239  1.28786e-14
240  1.57652e-14
241  1.46549e-14
242  1.54321e-14
243  1.77636e-14
244  2.04281e-14
245  2.26485e-14
246  2.62013e-14
247  2.22045e-14
248  3.15303e-14
249  2.39808e-14
250  3.07532e-14
251  3.19744e-14
252  3.28626e-14
253  3.19744e-14
254  3.59712e-14
255  3.4639e-14
256  3.37508e-14
257  3.90799e-14
258  3.5083e-14
259  4.01901e-14
260  3.78586e-14
261  4.20775e-14
262  3.4861e-14
263  4.24105e-14
264  3.78586e-14
265  4.27436e-14
266  4.28546e-14
267  4.21885e-14
268  3.73035e-14
269  4.01901e-14
270  4.22995e-14
271  4.09672e-14
272  3.9857e-14
273  4.17444e-14
274  4.07452e-14
275  4.17444e-14
276  4.13003e-14
277  3.93019e-14
278  4.10783e-14
279  4.00791e-14
280  3.63043e-14
281  4.13003e-14
282  3.59712e-14
283  3.28626e-14
284  3.41949e-14
285  3.28626e-14
286  3.43059e-14
287  3.01981e-14
288  2.9865e-14
289  3.24185e-14
290  2.9865e-14
291  2.70894e-14
292  2.9643e-14
293  2.07612e-14
294  2.55351e-14
295  2.33147e-14
296  1.9762e-14
297  2.22045e-14
298  1.75415e-14
299  2.33147e-14
300  1.40998e-14
301  1.66533e-14
302  1.79856e-14
303  1.84297e-14
304  1.35447e-14
305  1.07692e-14
306  1.18794e-14
307  1.09912e-14
308  5.9952e-15
309  7.88258e-15
310  8.43769e-15
311  1.77636e-15
312  5.77316e-15
313  5.55112e-15
314  3.77476e-15
315  0
316  4.88498e-15
317  3.21965e-15
318  1.9984e-15
319  2.22045e-15
