0  7.10543e-15
1  1.55431e-14
2  1.04361e-14
3  1.11022e-14
4  9.76996e-15
5  6.66134e-15
6  8.65974e-15
7  1.02141e-14
8  6.43929e-15
9  1.11022e-14
10  3.55271e-15
11  5.55112e-15
12  1.11022e-14
13  4.21885e-15
14  8.88178e-16
15  6.66134e-16
16  6.88338e-15
17  3.33067e-15
18  4.88498e-15
19  5.32907e-15
20  3.55271e-15
21  1.11022e-16
22  7.77156e-16
23  5.88418e-15
24  4.66294e-15
25  2.66454e-15
26  2.22045e-15
27  1.05471e-14
28  2.88658e-15
29  1.66533e-15
30  8.32667e-15
31  9.32587e-15
32  2.77556e-15
33  1.16573e-14
34  2.10942e-15
35  1.03251e-14
36  1.09912e-14
37  1.16573e-14
38  1.14353e-14
39  8.77076e-15
40  1.22125e-14
41  1.86517e-14
42  2.12053e-14
43  1.9873e-14
44  1.32117e-14
45  1.72085e-14
46  2.12053e-14
47  2.32037e-14
48  2.13163e-14
49  2.09832e-14
50  1.86517e-14
51  2.64233e-14
52  2.69784e-14
53  3.06422e-14
54  3.21965e-14
55  3.06422e-14
56  2.76446e-14
57  3.23075e-14
58  3.36398e-14
59  3.21965e-14
60  3.39728e-14
61  2.9865e-14
62  3.28626e-14
63  3.93019e-14
64  3.29736e-14
65  4.20775e-14
66  3.475e-14
67  3.63043e-14
68  3.83027e-14
69  3.65263e-14
70  3.4861e-14
71  3.75255e-14
72  3.69704e-14
73  3.93019e-14
74  4.07452e-14
75  3.9968e-14
76  4.78506e-14
77  4.4631e-14
78  4.18554e-14
79  3.9968e-14
80  4.67404e-14
81  4.71845e-14
82  4.75175e-14
83  4.37428e-14
84  5.08482e-14
85  4.38538e-14
86  4.91829e-14
87  5.14033e-14
88  4.85167e-14
89  4.35207e-14
90  5.26246e-14
91  4.54081e-14
92  4.88498e-14
93  5.26246e-14
94  5.39568e-14
95  4.70735e-14
96  5.32907e-14
97  5.63993e-14
98  5.42899e-14
99  5.76206e-14
100  5.40679e-14
101  5.25135e-14
102  5.66214e-14
103  5.07372e-14
104  5.38458e-14
105  5.07372e-14
106  5.01821e-14
107  5.69544e-14
108  5.75096e-14
109  4.9738e-14
110  5.06262e-14
111  4.58522e-14
112  4.996e-14
113  4.90719e-14
114  4.74065e-14
115  5.32907e-14
116  4.91829e-14
117  5.30687e-14
118  4.61853e-14
119  4.39648e-14
120  4.17444e-14
121  4.42979e-14
122  4.57412e-14
123  4.35207e-14
124  4.4742e-14
125  3.29736e-14
126  3.61933e-14
127  3.26406e-14
128  3.21965e-14
129  2.94209e-14
130  3.21965e-14
131  3.17524e-14
132  2.54241e-14
133  2.57572e-14
134  2.04281e-14
135  1.88738e-14
136  1.9762e-14
137  1.45439e-14
138  1.93179e-14
139  1.60982e-14
140  1.84297e-14
141  1.14353e-14
142  1.14353e-14
143  1.22125e-14
144  9.32587e-15
145  1.07692e-14
146  1.16573e-14
147  1.29896e-14
148  5.10703e-15
149  2.66454e-15
150  6.55032e-15
151  5.55112e-15
152  5.10703e-15
153  4.21885e-15
154  3.44169e-15
155  6.88338e-15
156  7.21645e-15
157  6.66134e-16
158  5.77316e-15
159  2.66454e-15
160  5.9952e-15
161  2.22045e-15
162  4.44089e-15
163  1.11022e-15
164  1.77636e-15
165  6.43929e-15
166  0
167  4.21885e-15
168  9.32587e-15
169  5.9952e-15
170  5.9952e-15
171  2.55351e-15
172  5.32907e-15
173  3.44169e-15
174  8.88178e-16
175  2.44249e-15
176  1.77636e-15
177  3.10862e-15
178  9.99201e-16
179  3.33067e-16
180  2.66454e-15
181  9.99201e-16
182  5.88418e-15
183  2.22045e-15
184  6.77236e-15
185  6.55032e-15
186  6.21725e-15
187  7.32747e-15
188  9.4369e-15
189  1.66533e-14
190  1.63203e-14
191  1.13243e-14
192  1.16573e-14
193  2.27596e-14
194  2.58682e-14
195  2.4869e-14
196  2.35367e-14
197  1.90958e-14
198  2.59792e-14
199  2.38698e-14
200  3.27516e-14
201  3.06422e-14
202  2.75335e-14
203  2.78666e-14
204  3.11973e-14
205  3.77476e-14
206  3.23075e-14
207  3.56382e-14
208  3.38618e-14
209  3.37508e-14
210  2.84217e-14
211  2.68674e-14
212  3.14193e-14
213  3.85247e-14
214  3.89688e-14
215  3.69704e-14
216  4.32987e-14
217  3.4639e-14
218  3.93019e-14
219  4.4631e-14
220  4.09672e-14
221  3.9968e-14
222  4.69624e-14
223  4.14113e-14
224  4.03011e-14
225  4.41869e-14
226  4.81837e-14
227  3.71925e-14
228  4.00791e-14
229  3.63043e-14
230  5.08482e-14
231  5.19584e-14
232  4.79616e-14
233  5.4734e-14
234  4.92939e-14
235  6.29496e-14
236  6.29496e-14
237  6.50591e-14
238  7.38298e-14
239  6.92779e-14
240  7.23865e-14
241  7.51621e-14
242  6.82787e-14
243  8.02691e-14
244  7.12763e-14
245  7.79377e-14
246  8.29337e-14
247  8.32667e-14
248  7.73825e-14
249  8.26006e-14
250  8.04912e-14
251  8.88178e-14
252  8.28226e-14
253  9.01501e-14
254  8.9373e-14
255  9.21485e-14
256  8.57092e-14
257  9.49241e-14
258  9.41469e-14
259  8.87068e-14
260  8.72635e-14
261  9.29257e-14
262  9.20375e-14
263  9.53682e-14
264  9.61453e-14
265  9.09273e-14
266  9.13714e-14
267  9.38138e-14
268  1.02141e-13
269  9.54792e-14
270  9.67004e-14
271  9.40359e-14
272  8.90399e-14
273  9.82547e-14
274  1.0747e-13
275  9.53682e-14
276  8.89289e-14
277  9.75886e-14
278  9.35918e-14
279  8.72635e-14
280  8.26006e-14
281  8.16014e-14
282  7.91589e-14
283  8.04912e-14
284  7.22755e-14
285  7.42739e-14
286  6.9833e-14
287  6.93889e-14
288  6.65024e-14
289  6.21725e-14
290  6.56142e-14
291  6.15064e-14
292  6.4837e-14
293  6.51701e-14
294  6.19504e-14
295  5.68434e-14
296  5.4734e-14
297  6.21725e-14
298  4.72955e-14
299  5.31797e-14
300  4.59632e-14
301  4.66294e-14
302  4.9738e-14
303  5.4845e-14
304  4.79616e-14
305  3.18634e-14
306  4.60743e-14
307  3.4861e-14
308  2.62013e-14
309  3.9746e-14
310  3.5083e-14
311  2.79776e-14
312  2.498e-14
313  2.83107e-14
314  2.58682e-14
315  2.33147e-14
316  2.67564e-14
317  2.16493e-14
318  2.08722e-14
319  2.09832e-14
