2.100000000000e+00 9.822051277564e-01 1.045140709694e+00 -1.662678787879e+00 8.688113636364e-01
2.156000000000e+00 1.199308206523e+00 2.450755850374e+00 -1.599848484848e+00 8.262871212121e-01
2.204300000000e+00 1.578672394851e+00 6.423870936041e+00 -1.537410606061e+00 7.724628787879e-01
2.234400000000e+00 1.713386134215e+00 1.303960189936e+01 -1.490322727273e+00 7.182674242424e-01
2.294600000000e+00 2.108711232418e+00 2.630162969161e+01 -1.384862121212e+00 5.657613636364e-01
2.324700000000e+00 1.728287426866e+00 2.882145954988e+01 -1.318771212121e+00 4.333030303030e-01
2.264500000000e+00 2.164823048654e+00 2.305378043913e+01 -1.434534848485e+00 6.395431818182e-01
2.367000000000e+00 1.472929310339e+00 2.498261433904e+01 -1.251801515152e+00 3.402159090909e-01
2.163000000000e+00 1.094059761146e+00 1.655631427120e+00 -1.598122727273e+00 8.294909090909e-01
2.107000000000e+00 9.457234331320e-01 9.598301368084e-01 -1.655783333333e+00 8.655871212121e-01
2.208600000000e+00 1.494056641080e+00 6.134322458239e+00 -1.536540909091e+00 7.740613636364e-01
2.298900000000e+00 1.923628450869e+00 2.842333147793e+01 -1.369800000000e+00 5.349878787879e-01
2.238700000000e+00 1.687694935186e+00 8.121790604076e+00 -1.488263636364e+00 7.268340909091e-01
2.329000000000e+00 1.855227034613e+00 3.246112268317e+01 -1.317900000000e+00 4.266439393939e-01
2.268800000000e+00 1.805275205744e+00 1.864503220312e+01 -1.428928787879e+00 6.368856060606e-01
2.374000000000e+00 1.380251089446e+00 2.292027272379e+01 -1.239790909091e+00 2.979022727273e-01
2.170000000000e+00 1.262878469723e+00 2.554578707477e+00 -1.585660606061e+00 8.173962121212e-01
2.114000000000e+00 9.680426373201e-01 1.152784047580e+00 -1.647778787879e+00 8.594727272727e-01
2.212900000000e+00 1.447094861863e+00 4.585343200677e+00 -1.527618181818e+00 7.697575757576e-01
2.243000000000e+00 1.769438586546e+00 1.271058527110e+01 -1.478409090909e+00 7.079613636364e-01
2.303200000000e+00 1.980252595376e+00 2.735787752322e+01 -1.366262121212e+00 5.331015151515e-01
2.273100000000e+00 1.851274261139e+00 1.900693201224e+01 -1.423712121212e+00 6.298363636364e-01
2.333300000000e+00 1.741437759057e+00 2.963606079103e+01 -1.304456060606e+00 4.169037878788e-01
2.381000000000e+00 1.369589571889e+00 2.180731137306e+01 -1.235124242424e+00 2.943446969697e-01
2.177000000000e+00 1.248995662196e+00 3.104665017402e+00 -1.574125757576e+00 8.082303030303e-01
2.121000000000e+00 9.835753174726e-01 1.258180874797e+00 -1.639378787879e+00 8.546492424242e-01
2.217200000000e+00 1.428736882549e+00 6.216303886453e+00 -1.522515151515e+00 7.623878787879e-01
2.247300000000e+00 1.838510512894e+00 1.352725258924e+01 -1.472193939394e+00 7.006681818182e-01
2.307500000000e+00 1.938280722383e+00 2.643184892797e+01 -1.362437878788e+00 5.344378787879e-01
2.277400000000e+00 2.224018880954e+00 2.775700901008e+01 -1.405707575758e+00 5.810818181818e-01
2.337600000000e+00 1.734567948234e+00 2.959036822278e+01 -1.298036363636e+00 3.960250000000e-01
2.388000000000e+00 1.380034474636e+00 2.174227204434e+01 -1.224966666667e+00 2.734363636364e-01
2.184000000000e+00 1.286866877526e+00 2.962953408544e+00 -1.570000000000e+00 8.063393939394e-01
2.128000000000e+00 1.023016391651e+00 1.140171796571e+00 -1.634192424242e+00 8.523712121212e-01
2.221500000000e+00 1.581760760975e+00 7.180720437035e+00 -1.517543939394e+00 7.568765151515e-01
2.251600000000e+00 1.910967318795e+00 1.628245285589e+01 -1.462224242424e+00 6.847439393939e-01
2.311800000000e+00 1.921293866941e+00 3.247214959050e+01 -1.340507575758e+00 4.706424242424e-01
2.281700000000e+00 1.916817258684e+00 2.449551888498e+01 -1.402524242424e+00 5.917530303030e-01
2.341900000000e+00 1.700194275551e+00 2.865905877049e+01 -1.290766666667e+00 3.896462121212e-01
2.395000000000e+00 1.238955880830e+00 1.951872409769e+01 -1.213104545455e+00 2.677643939394e-01
2.191000000000e+00 1.323104901619e+00 3.190104691578e+00 -1.561210606061e+00 7.998969696970e-01
2.135000000000e+00 1.079224403886e+00 1.423855286955e+00 -1.628227272727e+00 8.480378787879e-01
2.225800000000e+00 1.543698800836e+00 8.596356464852e+00 -1.506621212121e+00 7.419628787879e-01
2.255900000000e+00 1.898662550252e+00 1.467760292315e+01 -1.456081818182e+00 6.845916666667e-01
2.316100000000e+00 1.795963462114e+00 2.857679642550e+01 -1.340945454545e+00 4.841840909091e-01
2.286000000000e+00 1.976574187728e+00 2.665071166449e+01 -1.390625757576e+00 5.696681818182e-01
2.346200000000e+00 1.741920836081e+00 3.031179624454e+01 -1.285872727273e+00 3.789803030303e-01
2.402000000000e+00 1.192341966111e+00 1.939107744656e+01 -1.208162121212e+00 2.620734848485e-01
2.198000000000e+00 1.312777867024e+00 2.822335524991e+00 -1.554569696970e+00 7.965424242424e-01
2.142000000000e+00 1.065221174205e+00 1.591968927883e+00 -1.619959090909e+00 8.430090909091e-01
2.230100000000e+00 1.507693927291e+00 6.525851142411e+00 -1.501460606061e+00 7.412265151515e-01
2.260200000000e+00 1.909902098435e+00 1.903857283000e+01 -1.445316666667e+00 6.544378787879e-01
2.320400000000e+00 1.873308345034e+00 3.228404739596e+01 -1.324951515152e+00 4.395439393939e-01
2.290300000000e+00 2.062116729494e+00 2.738895137544e+01 -1.390034848485e+00 5.704393939394e-01
2.360000000000e+00 1.370239479884e+00 2.524149324563e+01 -1.258359090909e+00 3.156492424242e-01
2.409000000000e+00 1.128518380303e+00 1.683338884334e+01 -1.195106060606e+00 2.341401515152e-01
2.149000000000e+00 1.076133922023e+00 1.481825839511e+00 -1.610454545455e+00 8.373689393939e-01
2.200000000000e+00 1.399685738679e+00 3.722224476167e+00 -1.545086363636e+00 7.873257575758e-01
