2.204300000000e+00 1.439161372483e+00 1.334128027161e+01 -1.540714424242e+00 7.739938181818e-01
2.264500000000e+00 2.775617527795e+00 1.324004579095e+02 -1.424282909091e+00 5.466790303030e-01
2.294600000000e+00 2.224776639684e+00 1.410130650877e+02 -1.362165575758e+00 3.936003636364e-01
2.100000000000e+00 1.044064652928e+00 3.586661123372e+00 -1.661349575758e+00 8.660616969697e-01
2.234400000000e+00 2.035770166384e+00 8.132746690871e+01 -1.490328000000e+00 6.957189090909e-01
2.156000000000e+00 1.185518455209e+00 2.186963595885e+00 -1.602335515152e+00 8.301240000000e-01
2.367000000000e+00 1.245478686640e+00 3.154497267232e+01 -1.240226666667e+00 1.149389090909e-01
2.324700000000e+00 1.655975500798e+00 8.949647272182e+01 -1.302661575758e+00 2.005814545455e-01
2.208600000000e+00 1.696662630424e+00 2.068218954828e+01 -1.529950545455e+00 7.590020606061e-01
2.268800000000e+00 2.531259822847e+00 1.045356311690e+02 -1.420610909091e+00 5.666406060606e-01
2.298900000000e+00 1.909874378485e+00 1.316073567430e+02 -1.345999030303e+00 3.085095757576e-01
2.107000000000e+00 2.085204750208e+00 3.636661123372e+00 -1.647360484848e+00 7.848900606061e-01
2.238700000000e+00 1.930358350223e+00 2.256312682451e+01 -1.484010424242e+00 7.084690909091e-01
2.163000000000e+00 1.166884669968e+00 2.071652944356e+00 -1.594334787879e+00 8.249921212121e-01
2.329000000000e+00 1.549669784543e+00 8.418486758803e+01 -1.294702060606e+00 2.008746666667e-01
2.374000000000e+00 1.216282016178e+00 3.595049256099e+01 -1.236889939394e+00 1.268586666667e-01
2.212900000000e+00 1.799311399118e+00 7.494952841245e+01 -1.525923878788e+00 7.434501818182e-01
2.273100000000e+00 2.489839029857e+00 1.193229122813e+02 -1.407074424242e+00 5.118356363636e-01
2.303200000000e+00 2.083462231817e+00 1.475974217291e+02 -1.340848727273e+00 2.941496969697e-01
2.114000000000e+00 1.034778142394e+00 3.182024575401e+00 -1.647558787879e+00 8.587978181818e-01
2.243000000000e+00 2.668385608134e+00 1.438221278310e+02 -1.467310060606e+00 6.318671515152e-01
2.170000000000e+00 1.243035208077e+00 2.623424802258e+00 -1.586141333333e+00 8.179470303030e-01
2.333300000000e+00 1.527428122192e+00 6.997651008710e+01 -1.289927272727e+00 2.034072727273e-01
2.381000000000e+00 1.239591268198e+00 3.277459140596e+01 -1.227285818182e+00 1.213304242424e-01
2.217200000000e+00 1.344860304248e+00 5.452447257811e+00 -1.523421090909e+00 7.641815757576e-01
2.277400000000e+00 2.400021888906e+00 1.736330925546e+02 -1.395394666667e+00 4.604512727273e-01
2.307500000000e+00 1.817282652755e+00 1.144611123539e+02 -1.332083151515e+00 2.762496969697e-01
2.121000000000e+00 1.331265987279e+00 2.667332033983e+01 -1.639000727273e+00 8.443927272727e-01
2.247300000000e+00 2.425317514634e+00 1.190343684753e+02 -1.465592969697e+00 6.474534545455e-01
2.177000000000e+00 1.812292118787e+00 8.795946257959e+01 -1.573316363636e+00 7.797317575758e-01
2.337600000000e+00 1.516882530629e+00 5.854756721116e+01 -1.281141333333e+00 1.660031515152e-01
2.388000000000e+00 1.156816208211e+00 2.592607401599e+01 -1.216763393939e+00 1.098923636364e-01
2.221500000000e+00 1.898709485693e+00 7.052296950883e+01 -1.508868363636e+00 7.204970909091e-01
2.281700000000e+00 2.130673697251e+00 7.597682038964e+01 -1.392481454545e+00 5.064762424242e-01
2.128000000000e+00 1.381073236152e+00 2.779978175059e+01 -1.632342060606e+00 8.391693333333e-01
2.311800000000e+00 1.886970280497e+00 1.198948832732e+02 -1.330413818182e+00 3.196335757576e-01
2.251600000000e+00 2.049280997834e+00 7.208123459985e+01 -1.458786181818e+00 6.563207272727e-01
2.184000000000e+00 1.303091940681e+00 3.617575988254e+00 -1.567913696970e+00 8.035952727273e-01
2.341900000000e+00 1.472464727399e+00 6.148734969277e+01 -1.277062060606e+00 1.677305454545e-01
2.395000000000e+00 1.123755700326e+00 2.319130700892e+01 -1.209721454545e+00 1.024150303030e-01
2.225800000000e+00 1.742513360537e+00 2.284638127781e+01 -1.506970666667e+00 7.362738181818e-01
2.135000000000e+00 1.100084139758e+00 1.393726715811e+00 -1.626932848485e+00 8.477991515152e-01
2.286000000000e+00 2.245406507191e+00 1.439606466370e+02 -1.371170424242e+00 3.648166060606e-01
2.316100000000e+00 1.790489749085e+00 9.698450241838e+01 -1.317305939394e+00 2.293343030303e-01
2.255900000000e+00 2.182967697561e+00 7.171413162227e+01 -1.445864484848e+00 6.183064242424e-01
2.191000000000e+00 1.349732458935e+00 5.093104511779e+00 -1.559515393939e+00 7.970921212121e-01
2.346200000000e+00 1.346013708732e+00 4.933172026531e+01 -1.271347636364e+00 1.568493333333e-01
2.230100000000e+00 2.106085904378e+00 4.521383626443e+01 -1.497383272727e+00 7.138513939394e-01
2.402000000000e+00 1.058234047569e+00 2.282877425225e+01 -1.202409212121e+00 1.002593939394e-01
2.142000000000e+00 1.185398005836e+00 5.044302467849e+00 -1.617937696970e+00 8.390248484848e-01
2.290300000000e+00 1.984381616693e+00 1.593750039487e+02 -1.363331636364e+00 3.431322424242e-01
2.320400000000e+00 1.715880561801e+00 9.950641916056e+01 -1.312009212121e+00 2.585167272727e-01
2.260200000000e+00 2.249173684555e+00 5.221647268518e+01 -1.444909818182e+00 6.446584242424e-01
2.198000000000e+00 1.394611665000e+00 5.135027766222e+00 -1.547766787879e+00 7.847332121212e-01
2.360000000000e+00 1.298174040317e+00 4.107906799994e+01 -1.251922666667e+00 1.337427878788e-01
2.149000000000e+00 1.161116338981e+00 2.059935812014e+00 -1.611045090909e+00 8.358815757576e-01
2.409000000000e+00 1.141330917343e+00 2.028630259795e+01 -1.194441454545e+00 9.297781818182e-02
2.200000000000e+00 1.474138538686e+00 5.789557240171e+00 -1.546276606061e+00 7.828236363636e-01
