2.100000000000e+00 9.685693481919e-05 1.012714985461e-02 -1.662473106061e+00 8.687581439394e-01
2.140000000000e+00 1.047723420854e-04 1.574514712224e-02 -1.619950757576e+00 8.427698863636e-01
2.260000000000e+00 1.976353367901e-04 2.633262185410e-01 -1.446243560606e+00 6.522424242424e-01
2.180000000000e+00 1.251569125694e-04 2.667295526575e-02 -1.574811363636e+00 8.103056818182e-01
2.220000000000e+00 1.532249687704e-04 7.861187468874e-02 -1.518122727273e+00 7.571996212121e-01
2.340000000000e+00 1.391965313721e-04 5.745278112555e-01 -1.279258712121e+00 2.147015151515e-01
2.300000000000e+00 2.330102287004e-04 1.051921127676e+00 -1.355818939394e+00 4.130780303030e-01
2.380000000000e+00 1.246105371982e-04 3.364834705236e-01 -1.227824242424e+00 1.539751893939e-01
2.110000000000e+00 9.669471403686e-05 1.568505613655e-02 -1.651512500000e+00 8.611007575758e-01
2.150000000000e+00 1.304176469251e-04 7.108720295556e-02 -1.609192803030e+00 8.320287878788e-01
2.270000000000e+00 2.515611140079e-04 9.319001162971e-01 -1.423226893939e+00 5.727181818182e-01
2.190000000000e+00 1.673214595712e-04 3.105977140647e-01 -1.558623106061e+00 7.834034090909e-01
2.230000000000e+00 1.720740721598e-04 1.970924257670e-01 -1.499282954545e+00 7.270100378788e-01
2.350000000000e+00 1.427609350013e-04 4.871798431716e-01 -1.267371212121e+00 1.987153409091e-01
2.310000000000e+00 2.013658489899e-04 8.924629040066e-01 -1.333743560606e+00 3.509435606061e-01
2.390000000000e+00 1.067545627571e-04 2.406243511532e-01 -1.216601515152e+00 1.339965909091e-01
2.120000000000e+00 1.009897792000e-04 1.145745708479e-02 -1.642212500000e+00 8.569452651515e-01
2.160000000000e+00 1.291745004328e-04 4.169031086964e-02 -1.596826893939e+00 8.237799242424e-01
2.280000000000e+00 2.394906518704e-04 8.349891309114e-01 -1.397746590909e+00 5.297426136364e-01
2.200000000000e+00 1.443777386943e-04 4.626629036648e-02 -1.545689393939e+00 7.832678030303e-01
2.240000000000e+00 1.784729088045e-04 2.930452409812e-01 -1.481618181818e+00 7.006291666667e-01
2.360000000000e+00 1.324930700973e-04 4.635878518515e-01 -1.252815530303e+00 1.849850378788e-01
2.320000000000e+00 1.623412202264e-04 8.008058735484e-01 -1.308507954545e+00 2.573642045455e-01
2.400000000000e+00 1.143484750281e-04 2.080795430632e-01 -1.204316666667e+00 1.185719696970e-01
2.130000000000e+00 1.150381098845e-04 5.335221312571e-02 -1.630743939394e+00 8.466780303030e-01
2.170000000000e+00 1.289786597175e-04 2.473647901724e-02 -1.585478409091e+00 8.180314393939e-01
2.210000000000e+00 1.601386415157e-04 1.511344198972e-01 -1.529149242424e+00 7.586134469697e-01
2.290000000000e+00 2.483730373348e-04 1.190697225191e+00 -1.371963257576e+00 4.316160984848e-01
2.250000000000e+00 2.188280074096e-04 5.843375027456e-01 -1.461750757576e+00 6.567892045455e-01
2.330000000000e+00 1.679763119939e-04 7.088124377022e-01 -1.299121969697e+00 2.876748106061e-01
2.370000000000e+00 1.314544430808e-04 3.031374033866e-01 -1.239339393939e+00 1.493142045455e-01
