2.100000000000e+00 1.158470325371e+00 1.666360340704e+01 -1.659001346801e+00 8.551760942761e-01
2.156000000000e+00 1.293886865284e+00 6.945406064733e+00 -1.601865319865e+00 8.255491582492e-01
2.204300000000e+00 1.658833585377e+00 2.680657786703e+01 -1.536825589226e+00 7.559232323232e-01
2.234400000000e+00 1.706310151955e+00 9.473533002598e+00 -1.493317845118e+00 7.275700336700e-01
2.264500000000e+00 1.962725242339e+00 2.419576774996e+01 -1.438160269360e+00 6.459393939394e-01
2.294600000000e+00 2.185230865575e+00 6.427019935290e+01 -1.364443097643e+00 4.501084175084e-01
2.324700000000e+00 1.665735055448e+00 4.972295844987e+01 -1.303653198653e+00 3.136000000000e-01
2.367000000000e+00 1.219587423820e+00 2.954709995924e+01 -1.243420875421e+00 2.048973063973e-01
2.163000000000e+00 1.162592165802e+00 1.866423704111e+00 -1.594760942761e+00 8.264696969697e-01
2.107000000000e+00 1.236842199546e+00 1.743181856195e+01 -1.653014141414e+00 8.507811447811e-01
2.208600000000e+00 1.520452526813e+00 1.009342154459e+01 -1.534466666667e+00 7.700404040404e-01
2.238700000000e+00 1.686276049326e+00 2.109218151083e+01 -1.483921212121e+00 7.054175084175e-01
2.298900000000e+00 2.041783349028e+00 7.039875414365e+01 -1.353919865320e+00 4.150292929293e-01
2.329000000000e+00 1.666555080779e+00 4.828741151508e+01 -1.299452525253e+00 2.996037037037e-01
2.268800000000e+00 2.094640224404e+00 3.094100782583e+01 -1.428482154882e+00 6.274545454545e-01
2.374000000000e+00 1.292460036010e+00 3.398683972536e+01 -1.237041077441e+00 2.125744107744e-01
2.170000000000e+00 1.195582150760e+00 2.340946238628e+00 -1.585795959596e+00 8.182481481481e-01
2.212900000000e+00 1.527898624103e+00 5.571534405011e+00 -1.527285521886e+00 7.670000000000e-01
2.114000000000e+00 9.731268893286e-01 1.208177162622e+00 -1.648649158249e+00 8.610942760943e-01
2.303200000000e+00 2.189082557296e+00 7.128428718313e+01 -1.344484848485e+00 3.952481481481e-01
2.333300000000e+00 1.652276048539e+00 4.765231482475e+01 -1.287878114478e+00 2.627909090909e-01
2.243000000000e+00 1.706761355295e+00 9.982319068045e+00 -1.479234343434e+00 7.144336700337e-01
2.273100000000e+00 2.123260429304e+00 3.308766106763e+01 -1.418929966330e+00 6.065272727273e-01
2.381000000000e+00 1.250304518522e+00 2.812916792666e+01 -1.227562289562e+00 1.932622895623e-01
2.177000000000e+00 1.312260332215e+00 3.724877702945e+00 -1.577386531987e+00 8.097289562290e-01
2.217200000000e+00 1.709452919631e+00 2.032353731536e+01 -1.517733333333e+00 7.444744107744e-01
2.307500000000e+00 2.190461005240e+00 5.818415159397e+01 -1.349330639731e+00 4.594882154882e-01
2.121000000000e+00 1.016668223614e+00 1.175587405590e+00 -1.639941414141e+00 8.558043771044e-01
2.337600000000e+00 1.657100907023e+00 5.116442503143e+01 -1.288657912458e+00 3.064080808081e-01
2.247300000000e+00 1.767046873506e+00 1.031375515898e+01 -1.472313131313e+00 7.050838383838e-01
2.277400000000e+00 2.238767538805e+00 5.662056934238e+01 -1.403148821549e+00 5.533491582492e-01
2.388000000000e+00 1.230420153956e+00 2.436388226905e+01 -1.216739393939e+00 1.793760942761e-01
2.184000000000e+00 1.341296471796e+00 3.971936760583e+00 -1.566401346801e+00 8.015144781145e-01
2.221500000000e+00 1.440764396247e+00 7.007899999272e+00 -1.513964983165e+00 7.504387205387e-01
2.128000000000e+00 1.057574205187e+00 1.353544199686e+00 -1.634018181818e+00 8.516212121212e-01
2.311800000000e+00 2.023253134973e+00 6.009620659251e+01 -1.332709090909e+00 3.839239057239e-01
2.341900000000e+00 1.535462509099e+00 4.150355781125e+01 -1.279453872054e+00 2.728851851852e-01
2.251600000000e+00 2.119660107081e+00 3.730646865989e+01 -1.461218181818e+00 6.653663299663e-01
2.281700000000e+00 2.259651025833e+00 4.940063158578e+01 -1.397975757576e+00 5.514895622896e-01
2.395000000000e+00 1.170632148191e+00 2.194156731670e+01 -1.207484848485e+00 1.641218855219e-01
2.191000000000e+00 1.353767786413e+00 3.258605768438e+00 -1.560659932660e+00 7.985663299663e-01
2.225800000000e+00 1.732002154120e+00 9.920759998991e+00 -1.508051178451e+00 7.433343434343e-01
2.316100000000e+00 2.012520904877e+00 6.013615707574e+01 -1.325882154882e+00 3.789838383838e-01
2.255900000000e+00 1.931850125257e+00 2.798566833613e+01 -1.452787878788e+00 6.629084175084e-01
2.135000000000e+00 1.109682857795e+00 2.147231697000e+00 -1.627121212121e+00 8.472545454545e-01
2.346200000000e+00 1.525031747482e+00 4.373884949503e+01 -1.272486868687e+00 2.548845117845e-01
2.286000000000e+00 2.415156042144e+00 7.025644111716e+01 -1.386127946128e+00 5.031572390572e-01
2.402000000000e+00 1.155831182496e+00 2.046636603565e+01 -1.201162289562e+00 1.617535353535e-01
2.198000000000e+00 1.384228713847e+00 4.522145810640e+00 -1.550189225589e+00 7.898235690236e-01
2.230100000000e+00 1.631800919145e+00 1.225958221283e+01 -1.500429629630e+00 7.334164983165e-01
2.320400000000e+00 1.958109052540e+00 6.379206172229e+01 -1.321086195286e+00 3.639309764310e-01
2.260200000000e+00 2.358627236647e+00 4.813431732933e+01 -1.439085521886e+00 6.178471380471e-01
2.142000000000e+00 1.095395211198e+00 1.738404020779e+00 -1.617378451178e+00 8.403932659933e-01
2.360000000000e+00 1.356694300756e+00 3.439980420002e+01 -1.252059932660e+00 2.154744107744e-01
2.290300000000e+00 2.188194706977e+00 5.950386855950e+01 -1.375655892256e+00 4.946208754209e-01
2.409000000000e+00 1.038534071325e+00 1.972112620068e+01 -1.193887542088e+00 1.553525252525e-01
2.200000000000e+00 1.485508062004e+00 6.684548975707e+00 -1.544661279461e+00 7.789606060606e-01
2.149000000000e+00 1.122458279044e+00 1.741785006981e+00 -1.609785858586e+00 8.361430976431e-01
